1.017 1.3146 0.2059 0.8012 -0.3859 -0.546 -0.7395
1.017 1.3146 0.2059 0.8012 -0.3859 -0.546 -0.7395
1.017 1.3146 0.2059 0.8012 -0.3859 -0.546 -0.7395
1.017 1.3146 0.2059 0.8012 -0.3859 -0.546 -0.7395
1.017 1.3146 0.2059 0.8012 -0.3859 -0.546 -0.7395
1.017 1.3146 0.2059 0.8012 -0.3859 -0.546 -0.7395
1.017 1.3146 0.2059 0.8012 -0.3859 -0.546 -0.7395
1.017 1.3146 0.2059 0.8012 -0.3859 -0.546 -0.7395
1.017 1.3146 0.2059 0.8012 -0.3859 -0.546 -0.7395
1.017 1.3146 0.2059 0.8011 -0.3859 -0.546 -0.7395
1.017 1.3146 0.2059 0.8011 -0.3859 -0.546 -0.7395
1.017 1.3146 0.2059 0.8011 -0.3859 -0.546 -0.7395
1.017 1.3146 0.2059 0.8011 -0.3859 -0.546 -0.7395
1.017 1.3146 0.2059 0.8011 -0.3859 -0.546 -0.7395
1.017 1.3146 0.2059 0.8011 -0.3859 -0.546 -0.7395
1.017 1.3146 0.2059 0.8011 -0.3859 -0.546 -0.7394
1.017 1.3146 0.2059 0.8011 -0.3859 -0.546 -0.7394
1.017 1.3146 0.2059 0.8011 -0.3859 -0.546 -0.7394
1.017 1.3146 0.2059 0.8011 -0.3859 -0.546 -0.7394
1.017 1.3146 0.2059 0.8011 -0.386 -0.546 -0.7394
1.017 1.3146 0.2059 0.8011 -0.386 -0.546 -0.7394
1.017 1.3146 0.2059 0.8011 -0.386 -0.546 -0.7393
1.017 1.3146 0.2059 0.801 -0.386 -0.546 -0.7393
1.017 1.3146 0.2059 0.801 -0.386 -0.546 -0.7393
1.017 1.3146 0.2059 0.801 -0.386 -0.546 -0.7392
1.017 1.3146 0.2059 0.801 -0.3861 -0.546 -0.7392
1.017 1.3146 0.2059 0.801 -0.3861 -0.546 -0.7392
1.017 1.3146 0.2058 0.801 -0.3861 -0.546 -0.7391
1.017 1.3146 0.2058 0.8009 -0.3862 -0.546 -0.7391
1.0171 1.3146 0.2058 0.8009 -0.3862 -0.546 -0.739
1.0171 1.3146 0.2058 0.8009 -0.3862 -0.546 -0.739
1.0171 1.3146 0.2058 0.8009 -0.3863 -0.546 -0.7389
1.0171 1.3146 0.2058 0.8008 -0.3863 -0.546 -0.7389
1.0171 1.3146 0.2058 0.8008 -0.3863 -0.546 -0.7388
1.0171 1.3146 0.2058 0.8008 -0.3864 -0.546 -0.7387
1.0171 1.3147 0.2058 0.8007 -0.3864 -0.546 -0.7387
1.0171 1.3147 0.2058 0.8007 -0.3865 -0.546 -0.7386
1.0171 1.3147 0.2058 0.8006 -0.3865 -0.546 -0.7385
1.0171 1.3147 0.2058 0.8006 -0.3866 -0.546 -0.7384
1.0172 1.3147 0.2058 0.8006 -0.3867 -0.546 -0.7383
1.0172 1.3147 0.2058 0.8005 -0.3867 -0.546 -0.7382
1.0172 1.3147 0.2057 0.8005 -0.3868 -0.546 -0.7381
1.0172 1.3147 0.2057 0.8004 -0.3868 -0.546 -0.738
1.0172 1.3147 0.2057 0.8004 -0.3869 -0.5461 -0.7379
1.0172 1.3147 0.2057 0.8003 -0.387 -0.5461 -0.7378
1.0173 1.3147 0.2057 0.8002 -0.3871 -0.5461 -0.7377
1.0173 1.3147 0.2057 0.8002 -0.3871 -0.5461 -0.7376
1.0173 1.3147 0.2057 0.8001 -0.3872 -0.5461 -0.7375
1.0173 1.3147 0.2056 0.8001 -0.3873 -0.5461 -0.7373
1.0173 1.3147 0.2056 0.8 -0.3874 -0.5461 -0.7372
1.0174 1.3147 0.2056 0.7999 -0.3875 -0.5461 -0.7371
1.0174 1.3147 0.2056 0.7998 -0.3876 -0.5461 -0.7369
1.0174 1.3147 0.2056 0.7998 -0.3877 -0.5461 -0.7368
1.0174 1.3147 0.2056 0.7997 -0.3878 -0.5461 -0.7366
1.0174 1.3147 0.2055 0.7996 -0.3879 -0.5461 -0.7364
1.0175 1.3147 0.2055 0.7995 -0.388 -0.5461 -0.7363
1.0175 1.3147 0.2055 0.7994 -0.3882 -0.5461 -0.7361
1.0175 1.3147 0.2055 0.7993 -0.3883 -0.5461 -0.7359
1.0176 1.3147 0.2055 0.7992 -0.3884 -0.5461 -0.7357
1.0176 1.3147 0.2054 0.7991 -0.3885 -0.5461 -0.7355
1.0176 1.3148 0.2054 0.799 -0.3887 -0.5461 -0.7353
1.0177 1.3148 0.2054 0.7989 -0.3888 -0.5462 -0.7351
1.0177 1.3148 0.2054 0.7988 -0.389 -0.5462 -0.7349
1.0177 1.3148 0.2054 0.7987 -0.3891 -0.5462 -0.7347
1.0178 1.3148 0.2053 0.7986 -0.3893 -0.5462 -0.7344
1.0178 1.3148 0.2053 0.7985 -0.3894 -0.5462 -0.7342
1.0178 1.3148 0.2053 0.7984 -0.3896 -0.5462 -0.734
1.0179 1.3148 0.2052 0.7982 -0.3897 -0.5462 -0.7337
1.0179 1.3148 0.2052 0.7981 -0.3899 -0.5462 -0.7335
1.0179 1.3148 0.2052 0.798 -0.3901 -0.5462 -0.7332
1.018 1.3148 0.2052 0.7978 -0.3903 -0.5462 -0.7329
1.018 1.3148 0.2051 0.7977 -0.3904 -0.5462 -0.7326
1.0181 1.3148 0.2051 0.7975 -0.3906 -0.5463 -0.7324
1.0181 1.3149 0.2051 0.7974 -0.3908 -0.5463 -0.7321
1.0182 1.3149 0.205 0.7972 -0.391 -0.5463 -0.7318
1.0182 1.3149 0.205 0.7971 -0.3912 -0.5463 -0.7315
1.0183 1.3149 0.205 0.7969 -0.3914 -0.5463 -0.7311
1.0183 1.3149 0.2049 0.7968 -0.3917 -0.5463 -0.7308
1.0184 1.3149 0.2049 0.7966 -0.3919 -0.5463 -0.7305
1.0184 1.3149 0.2049 0.7964 -0.3921 -0.5463 -0.7302
1.0185 1.3149 0.2048 0.7963 -0.3923 -0.5463 -0.7298
1.0185 1.3149 0.2048 0.7961 -0.3926 -0.5464 -0.7294
1.0186 1.3149 0.2047 0.7959 -0.3928 -0.5464 -0.7291
1.0186 1.315 0.2047 0.7957 -0.3931 -0.5464 -0.7287
1.0187 1.315 0.2046 0.7955 -0.3933 -0.5464 -0.7283
1.0187 1.315 0.2046 0.7953 -0.3936 -0.5464 -0.7279
1.0188 1.315 0.2046 0.7951 -0.3939 -0.5464 -0.7275
1.0189 1.315 0.2045 0.7949 -0.3941 -0.5464 -0.7271
1.0189 1.315 0.2045 0.7947 -0.3944 -0.5465 -0.7267
1.019 1.315 0.2044 0.7945 -0.3947 -0.5465 -0.7263
1.0191 1.3151 0.2044 0.7943 -0.395 -0.5465 -0.7259
1.0191 1.3151 0.2043 0.794 -0.3953 -0.5465 -0.7254
1.0192 1.3151 0.2043 0.7938 -0.3956 -0.5465 -0.725
1.0193 1.3151 0.2042 0.7936 -0.3959 -0.5465 -0.7245
1.0193 1.3151 0.2042 0.7934 -0.3962 -0.5466 -0.724
1.0194 1.3151 0.2041 0.7931 -0.3965 -0.5466 -0.7236
1.0195 1.3151 0.2041 0.7929 -0.3968 -0.5466 -0.7231
1.0196 1.3152 0.204 0.7926 -0.3972 -0.5466 -0.7226
1.0196 1.3152 0.204 0.7924 -0.3975 -0.5466 -0.7221
1.0197 1.3152 0.2039 0.7921 -0.3978 -0.5466 -0.7216
1.0198 1.3152 0.2038 0.7918 -0.3982 -0.5467 -0.721
1.0199 1.3152 0.2038 0.7916 -0.3986 -0.5467 -0.7205
1.02 1.3152 0.2037 0.7913 -0.3989 -0.5467 -0.72
1.02 1.3153 0.2037 0.791 -0.3993 -0.5467 -0.7194
1.0201 1.3153 0.2036 0.7907 -0.3997 -0.5467 -0.7188
1.0202 1.3153 0.2035 0.7904 -0.4 -0.5468 -0.7183
1.0203 1.3153 0.2035 0.7901 -0.4004 -0.5468 -0.7177
1.0204 1.3153 0.2034 0.7898 -0.4008 -0.5468 -0.7171
1.0205 1.3153 0.2033 0.7895 -0.4012 -0.5468 -0.7165
1.0206 1.3154 0.2033 0.7892 -0.4016 -0.5469 -0.7159
1.0207 1.3154 0.2032 0.7889 -0.4021 -0.5469 -0.7152
1.0208 1.3154 0.2031 0.7886 -0.4025 -0.5469 -0.7146
1.0209 1.3154 0.203 0.7883 -0.4029 -0.5469 -0.714
1.021 1.3154 0.203 0.7879 -0.4034 -0.5469 -0.7133
1.0211 1.3155 0.2029 0.7876 -0.4038 -0.547 -0.7126
1.0212 1.3155 0.2028 0.7873 -0.4043 -0.547 -0.712
1.0213 1.3155 0.2028 0.7869 -0.4047 -0.547 -0.7113
1.0214 1.3155 0.2027 0.7866 -0.4052 -0.547 -0.7106
1.0215 1.3155 0.2026 0.7862 -0.4057 -0.5471 -0.7099
1.0216 1.3156 0.2025 0.7858 -0.4061 -0.5471 -0.7092
1.0217 1.3156 0.2024 0.7855 -0.4066 -0.5471 -0.7084
1.0218 1.3156 0.2023 0.7851 -0.4071 -0.5471 -0.7077
1.0219 1.3156 0.2023 0.7847 -0.4076 -0.5472 -0.7069
1.0221 1.3157 0.2022 0.7843 -0.4081 -0.5472 -0.7062
1.0222 1.3157 0.2021 0.7839 -0.4086 -0.5472 -0.7054
1.0223 1.3157 0.202 0.7835 -0.4092 -0.5473 -0.7046
1.0224 1.3157 0.2019 0.7831 -0.4097 -0.5473 -0.7038
1.0225 1.3158 0.2018 0.7827 -0.4102 -0.5473 -0.703
1.0227 1.3158 0.2017 0.7823 -0.4108 -0.5473 -0.7022
1.0228 1.3158 0.2016 0.7819 -0.4113 -0.5474 -0.7014
1.0229 1.3158 0.2016 0.7815 -0.4119 -0.5474 -0.7005
1.023 1.3159 0.2015 0.7811 -0.4125 -0.5474 -0.6997
1.0232 1.3159 0.2014 0.7806 -0.413 -0.5475 -0.6988
1.0233 1.3159 0.2013 0.7802 -0.4136 -0.5475 -0.6979
1.0234 1.316 0.2012 0.7797 -0.4142 -0.5475 -0.697
1.0236 1.316 0.2011 0.7793 -0.4148 -0.5476 -0.6961
1.0237 1.316 0.201 0.7788 -0.4154 -0.5476 -0.6952
1.0239 1.316 0.2009 0.7783 -0.416 -0.5476 -0.6943
1.024 1.3161 0.2008 0.7779 -0.4167 -0.5477 -0.6934
1.0241 1.3161 0.2007 0.7774 -0.4173 -0.5477 -0.6924
1.0243 1.3161 0.2005 0.7769 -0.4179 -0.5477 -0.6915
1.0244 1.3162 0.2004 0.7764 -0.4186 -0.5478 -0.6905
1.0246 1.3162 0.2003 0.7759 -0.4192 -0.5478 -0.6895
1.0247 1.3162 0.2002 0.7754 -0.4199 -0.5478 -0.6885
1.0249 1.3162 0.2001 0.7749 -0.4206 -0.5479 -0.6875
1.025 1.3163 0.2 0.7744 -0.4213 -0.5479 -0.6865
1.0252 1.3163 0.1999 0.7739 -0.422 -0.548 -0.6855
1.0254 1.3163 0.1998 0.7734 -0.4226 -0.548 -0.6844
1.0255 1.3164 0.1996 0.7728 -0.4234 -0.548 -0.6834
1.0257 1.3164 0.1995 0.7723 -0.4241 -0.5481 -0.6823
1.0258 1.3164 0.1994 0.7717 -0.4248 -0.5481 -0.6812
1.026 1.3165 0.1993 0.7712 -0.4255 -0.5481 -0.6801
1.0262 1.3165 0.1992 0.7706 -0.4263 -0.5482 -0.679
1.0264 1.3165 0.199 0.7701 -0.427 -0.5482 -0.6779
1.0265 1.3166 0.1989 0.7695 -0.4278 -0.5483 -0.6768
1.0267 1.3166 0.1988 0.7689 -0.4285 -0.5483 -0.6756
1.0269 1.3167 0.1987 0.7683 -0.4293 -0.5484 -0.6745
1.0271 1.3167 0.1985 0.7678 -0.4301 -0.5484 -0.6733
1.0272 1.3167 0.1984 0.7672 -0.4309 -0.5484 -0.6721
1.0274 1.3168 0.1983 0.7666 -0.4317 -0.5485 -0.6709
1.0276 1.3168 0.1981 0.7659 -0.4325 -0.5485 -0.6697
1.0278 1.3168 0.198 0.7653 -0.4333 -0.5486 -0.6685
1.028 1.3169 0.1979 0.7647 -0.4341 -0.5486 -0.6673
1.0282 1.3169 0.1977 0.7641 -0.4349 -0.5487 -0.666
1.0283 1.317 0.1976 0.7635 -0.4358 -0.5487 -0.6648
1.0285 1.317 0.1974 0.7628 -0.4366 -0.5487 -0.6635
1.0287 1.317 0.1973 0.7622 -0.4375 -0.5488 -0.6622
1.0289 1.3171 0.1971 0.7615 -0.4383 -0.5488 -0.6609
1.0291 1.3171 0.197 0.7608 -0.4392 -0.5489 -0.6596
1.0293 1.3172 0.1969 0.7602 -0.4401 -0.5489 -0.6583
1.0295 1.3172 0.1967 0.7595 -0.441 -0.549 -0.657
1.0297 1.3172 0.1966 0.7588 -0.4419 -0.549 -0.6556
1.03 1.3173 0.1964 0.7581 -0.4428 -0.5491 -0.6542
1.0302 1.3173 0.1962 0.7574 -0.4437 -0.5491 -0.6529
1.0304 1.3174 0.1961 0.7567 -0.4446 -0.5492 -0.6515
1.0306 1.3174 0.1959 0.756 -0.4456 -0.5492 -0.6501
1.0308 1.3175 0.1958 0.7553 -0.4465 -0.5493 -0.6487
1.031 1.3175 0.1956 0.7546 -0.4475 -0.5493 -0.6472
1.0312 1.3176 0.1955 0.7539 -0.4484 -0.5494 -0.6458
1.0315 1.3176 0.1953 0.7531 -0.4494 -0.5494 -0.6443
1.0317 1.3176 0.1951 0.7524 -0.4504 -0.5495 -0.6429
1.0319 1.3177 0.195 0.7516 -0.4514 -0.5496 -0.6414
1.0321 1.3177 0.1948 0.7509 -0.4524 -0.5496 -0.6399
1.0324 1.3178 0.1946 0.7501 -0.4534 -0.5497 -0.6384
1.0326 1.3178 0.1945 0.7494 -0.4544 -0.5497 -0.6368
1.0328 1.3179 0.1943 0.7486 -0.4554 -0.5498 -0.6353
1.0331 1.3179 0.1941 0.7478 -0.4565 -0.5498 -0.6338
1.0333 1.318 0.1939 0.747 -0.4575 -0.5499 -0.6322
1.0335 1.318 0.1938 0.7462 -0.4586 -0.5499 -0.6306
1.0338 1.3181 0.1936 0.7454 -0.4596 -0.55 -0.629
1.034 1.3181 0.1934 0.7446 -0.4607 -0.5501 -0.6274
1.0343 1.3182 0.1932 0.7438 -0.4618 -0.5501 -0.6258
1.0345 1.3182 0.1931 0.743 -0.4629 -0.5502 -0.6242
1.0348 1.3183 0.1929 0.7421 -0.464 -0.5502 -0.6225
1.035 1.3183 0.1927 0.7413 -0.4651 -0.5503 -0.6209
1.0353 1.3184 0.1925 0.7405 -0.4662 -0.5504 -0.6192
1.0355 1.3184 0.1923 0.7396 -0.4673 -0.5504 -0.6175
1.0358 1.3185 0.1921 0.7387 -0.4685 -0.5505 -0.6158
1.0361 1.3185 0.1919 0.7379 -0.4696 -0.5505 -0.6141
1.0363 1.3186 0.1917 0.737 -0.4708 -0.5506 -0.6123
1.0366 1.3186 0.1915 0.7361 -0.4719 -0.5507 -0.6106
1.0369 1.3187 0.1913 0.7352 -0.4731 -0.5507 -0.6088
1.0371 1.3188 0.1912 0.7343 -0.4743 -0.5508 -0.6071
1.0374 1.3188 0.191 0.7334 -0.4755 -0.5509 -0.6053
1.0377 1.3189 0.1908 0.7325 -0.4767 -0.5509 -0.6035
1.0379 1.3189 0.1905 0.7316 -0.4779 -0.551 -0.6017
1.0382 1.319 0.1903 0.7307 -0.4791 -0.5511 -0.5998
1.0385 1.319 0.1901 0.7298 -0.4804 -0.5511 -0.598
1.0388 1.3191 0.1899 0.7288 -0.4816 -0.5512 -0.5961
1.0391 1.3192 0.1897 0.7279 -0.4828 -0.5513 -0.5943
1.0394 1.3192 0.1895 0.7269 -0.4841 -0.5513 -0.5924
1.0396 1.3193 0.1893 0.726 -0.4854 -0.5514 -0.5905
1.0399 1.3193 0.1891 0.725 -0.4866 -0.5515 -0.5886
1.0402 1.3194 0.1889 0.724 -0.4879 -0.5515 -0.5866
1.0405 1.3195 0.1887 0.7231 -0.4892 -0.5516 -0.5847
1.0408 1.3195 0.1884 0.7221 -0.4905 -0.5517 -0.5827
1.0411 1.3196 0.1882 0.7211 -0.4919 -0.5517 -0.5808
1.0414 1.3196 0.188 0.7201 -0.4932 -0.5518 -0.5788
1.0417 1.3197 0.1878 0.7191 -0.4945 -0.5519 -0.5768
1.042 1.3198 0.1876 0.718 -0.4959 -0.552 -0.5748
1.0423 1.3198 0.1873 0.717 -0.4972 -0.552 -0.5727
1.0427 1.3199 0.1871 0.716 -0.4986 -0.5521 -0.5707
1.043 1.32 0.1869 0.715 -0.5 -0.5522 -0.5686
1.0433 1.32 0.1866 0.7139 -0.5013 -0.5523 -0.5666
1.0436 1.3201 0.1864 0.7129 -0.5027 -0.5523 -0.5645
1.0439 1.3202 0.1862 0.7118 -0.5041 -0.5524 -0.5624
1.0442 1.3202 0.1859 0.7107 -0.5055 -0.5525 -0.5603
1.0446 1.3203 0.1857 0.7097 -0.507 -0.5526 -0.5581
1.0449 1.3204 0.1855 0.7086 -0.5084 -0.5526 -0.556
1.0452 1.3204 0.1852 0.7075 -0.5098 -0.5527 -0.5538
1.0456 1.3205 0.185 0.7064 -0.5113 -0.5528 -0.5517
1.0459 1.3206 0.1847 0.7053 -0.5127 -0.5529 -0.5495
1.0462 1.3206 0.1845 0.7042 -0.5142 -0.553 -0.5473
1.0466 1.3207 0.1842 0.7031 -0.5157 -0.553 -0.5451
1.0469 1.3208 0.184 0.7019 -0.5172 -0.5531 -0.5428
1.0472 1.3208 0.1838 0.7008 -0.5187 -0.5532 -0.5406
1.0476 1.3209 0.1835 0.6997 -0.5202 -0.5533 -0.5383
1.0479 1.321 0.1832 0.6985 -0.5217 -0.5534 -0.5361
1.0483 1.321 0.183 0.6974 -0.5232 -0.5535 -0.5338
1.0486 1.3211 0.1827 0.6962 -0.5248 -0.5535 -0.5315
1.049 1.3212 0.1825 0.695 -0.5263 -0.5536 -0.5291
1.0493 1.3213 0.1822 0.6939 -0.5279 -0.5537 -0.5268
1.0497 1.3213 0.182 0.6927 -0.5294 -0.5538 -0.5245
1.05 1.3214 0.1817 0.6915 -0.531 -0.5539 -0.5221
1.0504 1.3215 0.1814 0.6903 -0.5326 -0.554 -0.5197
1.0508 1.3216 0.1812 0.6891 -0.5342 -0.554 -0.5173
1.0511 1.3216 0.1809 0.6879 -0.5358 -0.5541 -0.5149
1.0515 1.3217 0.1806 0.6866 -0.5374 -0.5542 -0.5125
1.0519 1.3218 0.1804 0.6854 -0.539 -0.5543 -0.5101
1.0522 1.3219 0.1801 0.6842 -0.5407 -0.5544 -0.5076
1.0526 1.3219 0.1798 0.6829 -0.5423 -0.5545 -0.5052
1.053 1.322 0.1795 0.6817 -0.544 -0.5546 -0.5027
1.0534 1.3221 0.1793 0.6804 -0.5456 -0.5547 -0.5002
1.0538 1.3222 0.179 0.6792 -0.5473 -0.5548 -0.4977
1.0541 1.3223 0.1787 0.6779 -0.549 -0.5549 -0.4952
1.0545 1.3223 0.1784 0.6766 -0.5507 -0.5549 -0.4926
1.0549 1.3224 0.1781 0.6753 -0.5524 -0.555 -0.4901
1.0553 1.3225 0.1778 0.674 -0.5541 -0.5551 -0.4875
1.0557 1.3226 0.1776 0.6727 -0.5558 -0.5552 -0.4849
1.0561 1.3227 0.1773 0.6714 -0.5576 -0.5553 -0.4824
1.0565 1.3227 0.177 0.6701 -0.5593 -0.5554 -0.4797
1.0569 1.3228 0.1767 0.6688 -0.5611 -0.5555 -0.4771
1.0573 1.3229 0.1764 0.6675 -0.5628 -0.5556 -0.4745
1.0577 1.323 0.1761 0.6661 -0.5646 -0.5557 -0.4718
1.0581 1.3231 0.1758 0.6648 -0.5664 -0.5558 -0.4692
1.0585 1.3232 0.1755 0.6634 -0.5682 -0.5559 -0.4665
1.0589 1.3232 0.1752 0.6621 -0.57 -0.556 -0.4638
1.0593 1.3233 0.1749 0.6607 -0.5718 -0.5561 -0.4611
1.0597 1.3234 0.1746 0.6593 -0.5736 -0.5562 -0.4584
1.0602 1.3235 0.1743 0.6579 -0.5754 -0.5563 -0.4556
1.0606 1.3236 0.174 0.6566 -0.5773 -0.5564 -0.4529
1.061 1.3237 0.1737 0.6552 -0.5791 -0.5565 -0.4501
1.0614 1.3237 0.1734 0.6538 -0.581 -0.5566 -0.4473
1.0619 1.3238 0.1731 0.6523 -0.5828 -0.5567 -0.4445
1.0623 1.3239 0.1727 0.6509 -0.5847 -0.5568 -0.4417
1.0627 1.324 0.1724 0.6495 -0.5866 -0.5569 -0.4389
1.0631 1.3241 0.1721 0.6481 -0.5885 -0.557 -0.436
1.0636 1.3242 0.1718 0.6466 -0.5904 -0.5571 -0.4332
1.064 1.3243 0.1715 0.6452 -0.5923 -0.5572 -0.4303
1.0645 1.3244 0.1712 0.6437 -0.5942 -0.5573 -0.4274
1.0649 1.3245 0.1708 0.6423 -0.5962 -0.5574 -0.4245
1.0653 1.3246 0.1705 0.6408 -0.5981 -0.5575 -0.4216
1.0658 1.3246 0.1702 0.6393 -0.6001 -0.5576 -0.4187
1.0662 1.3247 0.1699 0.6378 -0.602 -0.5577 -0.4157
1.0667 1.3248 0.1695 0.6363 -0.604 -0.5578 -0.4128
1.0671 1.3249 0.1692 0.6348 -0.606 -0.5579 -0.4098
1.0676 1.325 0.1689 0.6333 -0.608 -0.5581 -0.4068
1.068 1.3251 0.1685 0.6318 -0.61 -0.5582 -0.4038
1.0685 1.3252 0.1682 0.6303 -0.612 -0.5583 -0.4008
1.069 1.3253 0.1679 0.6288 -0.614 -0.5584 -0.3978
1.0694 1.3254 0.1675 0.6272 -0.6161 -0.5585 -0.3947
1.0699 1.3255 0.1672 0.6257 -0.6181 -0.5586 -0.3917
1.0704 1.3256 0.1668 0.6241 -0.6201 -0.5587 -0.3886
1.0708 1.3257 0.1665 0.6226 -0.6222 -0.5588 -0.3855
1.0713 1.3258 0.1661 0.621 -0.6243 -0.5589 -0.3824
1.0718 1.3259 0.1658 0.6195 -0.6264 -0.5591 -0.3793
1.0722 1.326 0.1655 0.6179 -0.6284 -0.5592 -0.3762
1.0727 1.3261 0.1651 0.6163 -0.6305 -0.5593 -0.373
1.0732 1.3262 0.1648 0.6147 -0.6327 -0.5594 -0.3699
1.0737 1.3263 0.1644 0.6131 -0.6348 -0.5595 -0.3667
1.0742 1.3264 0.164 0.6115 -0.6369 -0.5596 -0.3635
1.0747 1.3265 0.1637 0.6099 -0.639 -0.5597 -0.3603
1.0751 1.3266 0.1633 0.6083 -0.6412 -0.5599 -0.3571
1.0756 1.3267 0.163 0.6066 -0.6433 -0.56 -0.3539
1.0761 1.3268 0.1626 0.605 -0.6455 -0.5601 -0.3507
1.0766 1.3269 0.1622 0.6034 -0.6477 -0.5602 -0.3474
1.0771 1.327 0.1619 0.6017 -0.6499 -0.5603 -0.3441
1.0776 1.3271 0.1615 0.6 -0.652 -0.5604 -0.3408
1.0781 1.3272 0.1612 0.5984 -0.6543 -0.5606 -0.3375
1.0786 1.3273 0.1608 0.5967 -0.6565 -0.5607 -0.3342
1.0791 1.3274 0.1604 0.595 -0.6587 -0.5608 -0.3309
1.0796 1.3275 0.16 0.5933 -0.6609 -0.5609 -0.3276
1.0801 1.3276 0.1597 0.5917 -0.6632 -0.5611 -0.3242
1.0807 1.3277 0.1593 0.59 -0.6654 -0.5612 -0.3208
1.0812 1.3278 0.1589 0.5883 -0.6677 -0.5613 -0.3175
1.0817 1.3279 0.1585 0.5865 -0.6699 -0.5614 -0.3141
1.0822 1.328 0.1582 0.5848 -0.6722 -0.5615 -0.3107
1.0827 1.3281 0.1578 0.5831 -0.6745 -0.5617 -0.3072
1.0833 1.3282 0.1574 0.5814 -0.6768 -0.5618 -0.3038
1.0838 1.3283 0.157 0.5796 -0.6791 -0.5619 -0.3003
1.0843 1.3284 0.1566 0.5779 -0.6814 -0.562 -0.2969
1.0848 1.3286 0.1562 0.5761 -0.6837 -0.5622 -0.2934
1.0854 1.3287 0.1558 0.5743 -0.6861 -0.5623 -0.2899
1.0859 1.3288 0.1555 0.5726 -0.6884 -0.5624 -0.2864
1.0864 1.3289 0.1551 0.5708 -0.6908 -0.5625 -0.2829
1.087 1.329 0.1547 0.569 -0.6931 -0.5627 -0.2793
1.0875 1.3291 0.1543 0.5672 -0.6955 -0.5628 -0.2758
1.0881 1.3292 0.1539 0.5654 -0.6979 -0.5629 -0.2722
1.0886 1.3293 0.1535 0.5636 -0.7002 -0.5631 -0.2687
1.0891 1.3294 0.1531 0.5618 -0.7026 -0.5632 -0.2651
1.0897 1.3296 0.1527 0.56 -0.705 -0.5633 -0.2615
1.0902 1.3297 0.1523 0.5582 -0.7075 -0.5635 -0.2578
1.0908 1.3298 0.1519 0.5563 -0.7099 -0.5636 -0.2542
1.0914 1.3299 0.1515 0.5545 -0.7123 -0.5637 -0.2506
1.0919 1.33 0.1511 0.5527 -0.7148 -0.5639 -0.2469
1.0925 1.3301 0.1507 0.5508 -0.7172 -0.564 -0.2432
1.093 1.3302 0.1502 0.549 -0.7197 -0.5641 -0.2396
1.0936 1.3304 0.1498 0.5471 -0.7221 -0.5643 -0.2359
1.0942 1.3305 0.1494 0.5452 -0.7246 -0.5644 -0.2322
1.0947 1.3306 0.149 0.5433 -0.7271 -0.5645 -0.2284
1.0953 1.3307 0.1486 0.5415 -0.7296 -0.5647 -0.2247
1.0959 1.3308 0.1482 0.5396 -0.7321 -0.5648 -0.2209
1.0964 1.3309 0.1478 0.5377 -0.7346 -0.5649 -0.2172
1.097 1.3311 0.1473 0.5358 -0.7371 -0.5651 -0.2134
1.0976 1.3312 0.1469 0.5338 -0.7397 -0.5652 -0.2096
1.0982 1.3313 0.1465 0.5319 -0.7422 -0.5653 -0.2058
1.0987 1.3314 0.1461 0.53 -0.7448 -0.5655 -0.202
1.0993 1.3315 0.1456 0.5281 -0.7473 -0.5656 -0.1982
1.0999 1.3316 0.1452 0.5261 -0.7499 -0.5658 -0.1943
1.1005 1.3318 0.1448 0.5242 -0.7525 -0.5659 -0.1905
1.1011 1.3319 0.1444 0.5222 -0.755 -0.566 -0.1866
1.1017 1.332 0.1439 0.5203 -0.7576 -0.5662 -0.1827
1.1023 1.3321 0.1435 0.5183 -0.7602 -0.5663 -0.1788
1.1029 1.3323 0.1431 0.5163 -0.7628 -0.5665 -0.1749
1.1035 1.3324 0.1426 0.5144 -0.7655 -0.5666 -0.171
1.1041 1.3325 0.1422 0.5124 -0.7681 -0.5667 -0.1671
1.1047 1.3326 0.1417 0.5104 -0.7707 -0.5669 -0.1631
1.1053 1.3327 0.1413 0.5084 -0.7734 -0.567 -0.1591
1.1059 1.3329 0.1409 0.5064 -0.776 -0.5672 -0.1552
1.1065 1.333 0.1404 0.5044 -0.7787 -0.5673 -0.1512
1.1071 1.3331 0.14 0.5024 -0.7813 -0.5675 -0.1472
1.1077 1.3332 0.1395 0.5003 -0.784 -0.5676 -0.1432
1.1083 1.3334 0.1391 0.4983 -0.7867 -0.5678 -0.1392
1.1089 1.3335 0.1386 0.4963 -0.7894 -0.5679 -0.1351
1.1095 1.3336 0.1382 0.4942 -0.7921 -0.5681 -0.1311
1.1101 1.3338 0.1377 0.4922 -0.7948 -0.5682 -0.127
1.1108 1.3339 0.1373 0.4901 -0.7975 -0.5683 -0.1229
1.1114 1.334 0.1368 0.4881 -0.8003 -0.5685 -0.1189
1.112 1.3341 0.1364 0.486 -0.803 -0.5686 -0.1148
1.1126 1.3343 0.1359 0.4839 -0.8058 -0.5688 -0.1106
1.1133 1.3344 0.1354 0.4818 -0.8085 -0.5689 -0.1065
1.1139 1.3345 0.135 0.4798 -0.8113 -0.5691 -0.1024
1.1145 1.3346 0.1345 0.4777 -0.814 -0.5692 -0.0982
1.1152 1.3348 0.1341 0.4756 -0.8168 -0.5694 -0.0941
1.1158 1.3349 0.1336 0.4735 -0.8196 -0.5695 -0.0899
1.1164 1.335 0.1331 0.4713 -0.8224 -0.5697 -0.0857
1.1171 1.3352 0.1327 0.4692 -0.8252 -0.5699 -0.0815
1.1177 1.3353 0.1322 0.4671 -0.828 -0.57 -0.0773
1.1183 1.3354 0.1317 0.465 -0.8308 -0.5702 -0.0731
1.119 1.3356 0.1312 0.4628 -0.8337 -0.5703 -0.0689
1.1196 1.3357 0.1308 0.4607 -0.8365 -0.5705 -0.0646
1.1203 1.3358 0.1303 0.4586 -0.8393 -0.5706 -0.0603
1.1209 1.336 0.1298 0.4564 -0.8422 -0.5708 -0.0561
1.1216 1.3361 0.1293 0.4542 -0.845 -0.5709 -0.0518
1.1222 1.3362 0.1289 0.4521 -0.8479 -0.5711 -0.0475
1.1229 1.3364 0.1284 0.4499 -0.8508 -0.5712 -0.0432
1.1236 1.3365 0.1279 0.4477 -0.8537 -0.5714 -0.0389
1.1242 1.3366 0.1274 0.4455 -0.8566 -0.5716 -0.0346
1.1249 1.3368 0.1269 0.4433 -0.8595 -0.5717 -0.0302
1.1255 1.3369 0.1265 0.4412 -0.8624 -0.5719 -0.0259
1.1262 1.337 0.126 0.439 -0.8653 -0.572 -0.0215
1.1269 1.3372 0.1255 0.4367 -0.8682 -0.5722 -0.0171
1.1275 1.3373 0.125 0.4345 -0.8711 -0.5723 -0.0127
1.1282 1.3375 0.1245 0.4323 -0.8741 -0.5725 -0.0083
1.1289 1.3376 0.124 0.4301 -0.877 -0.5727 -0.0039
1.1295 1.3377 0.1235 0.4279 -0.88 -0.5728 0.0005
1.1302 1.3379 0.123 0.4256 -0.8829 -0.573 0.0049
1.1309 1.338 0.1225 0.4234 -0.8859 -0.5731 0.0094
1.1316 1.3381 0.122 0.4211 -0.8889 -0.5733 0.0138
1.1322 1.3383 0.1215 0.4189 -0.8918 -0.5735 0.0183
1.1329 1.3384 0.121 0.4166 -0.8948 -0.5736 0.0228
1.1336 1.3386 0.1205 0.4144 -0.8978 -0.5738 0.0273
1.1343 1.3387 0.12 0.4121 -0.9008 -0.574 0.0318
1.135 1.3389 0.1195 0.4098 -0.9039 -0.5741 0.0363
1.1357 1.339 0.119 0.4075 -0.9069 -0.5743 0.0408
1.1364 1.3391 0.1185 0.4052 -0.9099 -0.5744 0.0453
1.1371 1.3393 0.118 0.4029 -0.9129 -0.5746 0.0499
1.1377 1.3394 0.1175 0.4006 -0.916 -0.5748 0.0544
1.1384 1.3396 0.117 0.3983 -0.919 -0.5749 0.059
1.1391 1.3397 0.1165 0.396 -0.9221 -0.5751 0.0636
1.1398 1.3398 0.116 0.3937 -0.9251 -0.5753 0.0682
1.1405 1.34 0.1155 0.3914 -0.9282 -0.5754 0.0728
1.1412 1.3401 0.115 0.3891 -0.9313 -0.5756 0.0774
1.1419 1.3403 0.1145 0.3867 -0.9344 -0.5758 0.082
1.1426 1.3404 0.1139 0.3844 -0.9375 -0.5759 0.0866
1.1433 1.3406 0.1134 0.3821 -0.9406 -0.5761 0.0913
1.1441 1.3407 0.1129 0.3797 -0.9437 -0.5763 0.0959
1.1448 1.3409 0.1124 0.3774 -0.9468 -0.5765 0.1006
1.1455 1.341 0.1119 0.375 -0.9499 -0.5766 0.1053
1.1462 1.3412 0.1113 0.3726 -0.953 -0.5768 0.11
1.1469 1.3413 0.1108 0.3703 -0.9562 -0.577 0.1146
1.1476 1.3414 0.1103 0.3679 -0.9593 -0.5771 0.1193
1.1483 1.3416 0.1098 0.3655 -0.9625 -0.5773 0.1241
1.1491 1.3417 0.1092 0.3631 -0.9656 -0.5775 0.1288
1.1498 1.3419 0.1087 0.3608 -0.9688 -0.5776 0.1335
1.1505 1.342 0.1082 0.3584 -0.9719 -0.5778 0.1383
1.1512 1.3422 0.1077 0.356 -0.9751 -0.578 0.143
1.1519 1.3423 0.1071 0.3536 -0.9783 -0.5782 0.1478
1.1527 1.3425 0.1066 0.3511 -0.9815 -0.5783 0.1526
1.1534 1.3426 0.1061 0.3487 -0.9847 -0.5785 0.1574
1.1541 1.3428 0.1055 0.3463 -0.9879 -0.5787 0.1621
1.1549 1.3429 0.105 0.3439 -0.9911 -0.5789 0.167
1.1556 1.3431 0.1045 0.3415 -0.9943 -0.579 0.1718
1.1563 1.3432 0.1039 0.339 -0.9975 -0.5792 0.1766
1.1571 1.3434 0.1034 0.3366 -1.0008 -0.5794 0.1814
1.1578 1.3435 0.1028 0.3341 -1.004 -0.5796 0.1863
1.1585 1.3437 0.1023 0.3317 -1.0072 -0.5797 0.1911
1.1593 1.3438 0.1018 0.3292 -1.0105 -0.5799 0.196
1.16 1.344 0.1012 0.3268 -1.0137 -0.5801 0.2009
1.1608 1.3441 0.1007 0.3243 -1.017 -0.5803 0.2057
1.1615 1.3443 0.1001 0.3218 -1.0203 -0.5804 0.2106
1.1623 1.3444 0.0996 0.3194 -1.0235 -0.5806 0.2155
1.163 1.3446 0.099 0.3169 -1.0268 -0.5808 0.2205
1.1637 1.3448 0.0985 0.3144 -1.0301 -0.581 0.2254
1.1645 1.3449 0.0979 0.3119 -1.0334 -0.5812 0.2303
1.1652 1.3451 0.0974 0.3094 -1.0367 -0.5813 0.2352
1.166 1.3452 0.0968 0.3069 -1.04 -0.5815 0.2402
1.1668 1.3454 0.0963 0.3044 -1.0433 -0.5817 0.2451
1.1675 1.3455 0.0957 0.3019 -1.0466 -0.5819 0.2501
1.1683 1.3457 0.0952 0.2994 -1.0499 -0.5821 0.2551
1.169 1.3458 0.0946 0.2969 -1.0533 -0.5822 0.2601
1.1698 1.346 0.0941 0.2944 -1.0566 -0.5824 0.2651
1.1705 1.3462 0.0935 0.2919 -1.0599 -0.5826 0.2701
1.1713 1.3463 0.093 0.2893 -1.0633 -0.5828 0.2751
1.1721 1.3465 0.0924 0.2868 -1.0666 -0.583 0.2801
1.1728 1.3466 0.0918 0.2843 -1.07 -0.5831 0.2851
1.1736 1.3468 0.0913 0.2817 -1.0734 -0.5833 0.2902
1.1744 1.3469 0.0907 0.2792 -1.0767 -0.5835 0.2952
1.1751 1.3471 0.0902 0.2766 -1.0801 -0.5837 0.3003
1.1759 1.3473 0.0896 0.2741 -1.0835 -0.5839 0.3053
1.1767 1.3474 0.089 0.2715 -1.0869 -0.5841 0.3104
1.1774 1.3476 0.0885 0.269 -1.0903 -0.5842 0.3155
1.1782 1.3477 0.0879 0.2664 -1.0937 -0.5844 0.3205
1.179 1.3479 0.0873 0.2638 -1.0971 -0.5846 0.3256
1.1798 1.348 0.0868 0.2613 -1.1005 -0.5848 0.3307
1.1806 1.3482 0.0862 0.2587 -1.1039 -0.585 0.3359
1.1813 1.3484 0.0856 0.2561 -1.1073 -0.5852 0.341
1.1821 1.3485 0.0851 0.2535 -1.1107 -0.5854 0.3461
1.1829 1.3487 0.0845 0.2509 -1.1141 -0.5855 0.3512
1.1837 1.3488 0.0839 0.2483 -1.1176 -0.5857 0.3564
1.1845 1.349 0.0833 0.2457 -1.121 -0.5859 0.3615
1.1852 1.3492 0.0828 0.2431 -1.1245 -0.5861 0.3667
1.186 1.3493 0.0822 0.2405 -1.1279 -0.5863 0.3719
1.1868 1.3495 0.0816 0.2379 -1.1314 -0.5865 0.377
1.1876 1.3497 0.081 0.2353 -1.1348 -0.5867 0.3822
1.1884 1.3498 0.0805 0.2327 -1.1383 -0.5869 0.3874
1.1892 1.35 0.0799 0.2301 -1.1418 -0.587 0.3926
1.19 1.3501 0.0793 0.2274 -1.1452 -0.5872 0.3978
1.1908 1.3503 0.0787 0.2248 -1.1487 -0.5874 0.403
1.1916 1.3505 0.0781 0.2222 -1.1522 -0.5876 0.4082
1.1924 1.3506 0.0776 0.2195 -1.1557 -0.5878 0.4135
1.1932 1.3508 0.077 0.2169 -1.1592 -0.588 0.4187
1.1939 1.351 0.0764 0.2143 -1.1627 -0.5882 0.4239
1.1947 1.3511 0.0758 0.2116 -1.1662 -0.5884 0.4292
1.1955 1.3513 0.0752 0.209 -1.1697 -0.5886 0.4344
1.1963 1.3514 0.0746 0.2063 -1.1732 -0.5887 0.4397
1.1971 1.3516 0.0741 0.2036 -1.1767 -0.5889 0.445
1.198 1.3518 0.0735 0.201 -1.1803 -0.5891 0.4502
1.1988 1.3519 0.0729 0.1983 -1.1838 -0.5893 0.4555
1.1996 1.3521 0.0723 0.1956 -1.1873 -0.5895 0.4608
1.2004 1.3523 0.0717 0.193 -1.1908 -0.5897 0.4661
1.2012 1.3524 0.0711 0.1903 -1.1944 -0.5899 0.4714
1.202 1.3526 0.0705 0.1876 -1.1979 -0.5901 0.4767
1.2028 1.3528 0.0699 0.1849 -1.2015 -0.5903 0.482
1.2036 1.3529 0.0693 0.1823 -1.205 -0.5905 0.4874
1.2044 1.3531 0.0687 0.1796 -1.2086 -0.5907 0.4927
1.2052 1.3533 0.0681 0.1769 -1.2122 -0.5909 0.498
1.206 1.3534 0.0676 0.1742 -1.2157 -0.5911 0.5034
1.2068 1.3536 0.067 0.1715 -1.2193 -0.5913 0.5087
1.2077 1.3538 0.0664 0.1688 -1.2229 -0.5914 0.5141
1.2085 1.3539 0.0658 0.1661 -1.2265 -0.5916 0.5194
1.2093 1.3541 0.0652 0.1634 -1.23 -0.5918 0.5248
1.2101 1.3543 0.0646 0.1607 -1.2336 -0.592 0.5302
1.2109 1.3544 0.064 0.1579 -1.2372 -0.5922 0.5356
1.2117 1.3546 0.0634 0.1552 -1.2408 -0.5924 0.5409
1.2126 1.3548 0.0628 0.1525 -1.2444 -0.5926 0.5463
1.2134 1.3549 0.0622 0.1498 -1.248 -0.5928 0.5517
1.2142 1.3551 0.0616 0.1471 -1.2516 -0.593 0.5571
1.215 1.3553 0.061 0.1443 -1.2552 -0.5932 0.5625
1.2159 1.3555 0.0604 0.1416 -1.2588 -0.5934 0.568
1.2167 1.3556 0.0598 0.1389 -1.2625 -0.5936 0.5734
1.2175 1.3558 0.0592 0.1361 -1.2661 -0.5938 0.5788
1.2183 1.356 0.0586 0.1334 -1.2697 -0.594 0.5842
1.2192 1.3561 0.0579 0.1306 -1.2733 -0.5942 0.5897
1.22 1.3563 0.0573 0.1279 -1.277 -0.5944 0.5951
1.2208 1.3565 0.0567 0.1252 -1.2806 -0.5946 0.6006
1.2216 1.3566 0.0561 0.1224 -1.2843 -0.5948 0.606
1.2225 1.3568 0.0555 0.1196 -1.2879 -0.595 0.6115
1.2233 1.357 0.0549 0.1169 -1.2915 -0.5952 0.6169
1.2241 1.3572 0.0543 0.1141 -1.2952 -0.5954 0.6224
1.225 1.3573 0.0537 0.1114 -1.2989 -0.5956 0.6279
1.2258 1.3575 0.0531 0.1086 -1.3025 -0.5958 0.6334
1.2266 1.3577 0.0525 0.1058 -1.3062 -0.596 0.6388
1.2275 1.3578 0.0519 0.1031 -1.3098 -0.5962 0.6443
1.2283 1.358 0.0513 0.1003 -1.3135 -0.5964 0.6498
1.2291 1.3582 0.0506 0.0975 -1.3172 -0.5966 0.6553
1.23 1.3584 0.05 0.0948 -1.3208 -0.5968 0.6608
1.2308 1.3585 0.0494 0.092 -1.3245 -0.597 0.6663
1.2317 1.3587 0.0488 0.0892 -1.3282 -0.5972 0.6718
1.2325 1.3589 0.0482 0.0864 -1.3319 -0.5974 0.6773
1.2333 1.359 0.0476 0.0836 -1.3356 -0.5976 0.6829
1.2342 1.3592 0.047 0.0808 -1.3393 -0.5978 0.6884
1.235 1.3594 0.0463 0.0781 -1.3429 -0.598 0.6939
1.2359 1.3596 0.0457 0.0753 -1.3466 -0.5982 0.6995
1.2367 1.3597 0.0451 0.0725 -1.3503 -0.5984 0.705
1.2375 1.3599 0.0445 0.0697 -1.354 -0.5986 0.7105
1.2384 1.3601 0.0439 0.0669 -1.3577 -0.5988 0.7161
1.2392 1.3603 0.0433 0.0641 -1.3614 -0.599 0.7216
1.2401 1.3604 0.0426 0.0613 -1.3652 -0.5992 0.7272
1.2409 1.3606 0.042 0.0585 -1.3689 -0.5994 0.7327
1.2418 1.3608 0.0414 0.0557 -1.3726 -0.5996 0.7383
1.2426 1.3609 0.0408 0.0529 -1.3763 -0.5998 0.7439
1.2435 1.3611 0.0402 0.0501 -1.38 -0.6 0.7494
1.2443 1.3613 0.0395 0.0472 -1.3837 -0.6002 0.755
1.2452 1.3615 0.0389 0.0444 -1.3875 -0.6004 0.7606
1.246 1.3616 0.0383 0.0416 -1.3912 -0.6006 0.7661
1.2469 1.3618 0.0377 0.0388 -1.3949 -0.6008 0.7717
1.2477 1.362 0.0371 0.036 -1.3986 -0.601 0.7773
1.2486 1.3622 0.0364 0.0332 -1.4024 -0.6012 0.7829
1.2494 1.3623 0.0358 0.0303 -1.4061 -0.6014 0.7885
1.2503 1.3625 0.0352 0.0275 -1.4098 -0.6016 0.7941
1.2511 1.3627 0.0346 0.0247 -1.4136 -0.6018 0.7997
1.252 1.3629 0.034 0.0219 -1.4173 -0.602 0.8053
1.2528 1.363 0.0333 0.0191 -1.4211 -0.6022 0.8109
1.2537 1.3632 0.0327 0.0162 -1.4248 -0.6024 0.8165
1.2545 1.3634 0.0321 0.0134 -1.4285 -0.6026 0.8221
1.2554 1.3636 0.0315 0.0106 -1.4323 -0.6028 0.8277
1.2562 1.3637 0.0308 0.0077 -1.436 -0.603 0.8333
1.2571 1.3639 0.0302 0.0049 -1.4398 -0.6032 0.839
1.2579 1.3641 0.0296 0.0021 -1.4435 -0.6034 0.8446
1.2588 1.3643 0.029 -0.0008 -1.4473 -0.6036 0.8502
1.2596 1.3644 0.0283 -0.0036 -1.4511 -0.6038 0.8558
1.2605 1.3646 0.0277 -0.0065 -1.4548 -0.604 0.8615
1.2614 1.3648 0.0271 -0.0093 -1.4586 -0.6042 0.8671
1.2622 1.365 0.0264 -0.0121 -1.4623 -0.6044 0.8727
1.2631 1.3651 0.0258 -0.015 -1.4661 -0.6047 0.8784
1.2639 1.3653 0.0252 -0.0178 -1.4699 -0.6049 0.884
1.2648 1.3655 0.0246 -0.0207 -1.4736 -0.6051 0.8896
1.2656 1.3657 0.0239 -0.0235 -1.4774 -0.6053 0.8953
1.2665 1.3659 0.0233 -0.0264 -1.4812 -0.6055 0.9009
1.2674 1.366 0.0227 -0.0292 -1.4849 -0.6057 0.9066
1.2682 1.3662 0.022 -0.0321 -1.4887 -0.6059 0.9122
1.2691 1.3664 0.0214 -0.0349 -1.4925 -0.6061 0.9179
1.2699 1.3666 0.0208 -0.0378 -1.4962 -0.6063 0.9235
1.2708 1.3667 0.0202 -0.0406 -1.5 -0.6065 0.9292
1.2717 1.3669 0.0195 -0.0435 -1.5038 -0.6067 0.9348
1.2725 1.3671 0.0189 -0.0463 -1.5076 -0.6069 0.9405
1.2734 1.3673 0.0183 -0.0492 -1.5114 -0.6071 0.9461
1.2742 1.3674 0.0176 -0.052 -1.5151 -0.6073 0.9518
1.2751 1.3676 0.017 -0.0549 -1.5189 -0.6075 0.9575
1.276 1.3678 0.0164 -0.0577 -1.5227 -0.6077 0.9631
1.2768 1.368 0.0158 -0.0606 -1.5265 -0.6079 0.9688
1.2777 1.3681 0.0151 -0.0635 -1.5303 -0.6081 0.9744
1.2785 1.3683 0.0145 -0.0663 -1.534 -0.6083 0.9801
1.2794 1.3685 0.0139 -0.0692 -1.5378 -0.6085 0.9858
1.2803 1.3687 0.0132 -0.072 -1.5416 -0.6088 0.9914
1.2811 1.3689 0.0126 -0.0749 -1.5454 -0.609 0.9971
1.282 1.369 0.012 -0.0777 -1.5492 -0.6092 1.0028
1.2829 1.3692 0.0113 -0.0806 -1.553 -0.6094 1.0085
1.2837 1.3694 0.0107 -0.0835 -1.5567 -0.6096 1.0141
1.2846 1.3696 0.0101 -0.0863 -1.5605 -0.6098 1.0198
1.2854 1.3697 0.0094 -0.0892 -1.5643 -0.61 1.0255
1.2863 1.3699 0.0088 -0.0921 -1.5681 -0.6102 1.0311
1.2872 1.3701 0.0082 -0.0949 -1.5719 -0.6104 1.0368
1.288 1.3703 0.0075 -0.0978 -1.5757 -0.6106 1.0425
1.2889 1.3704 0.0069 -0.1006 -1.5795 -0.6108 1.0482
1.2898 1.3706 0.0063 -0.1035 -1.5833 -0.611 1.0538
1.2906 1.3708 0.0057 -0.1064 -1.5871 -0.6112 1.0595
1.2915 1.371 0.005 -0.1092 -1.5908 -0.6114 1.0652
1.2924 1.3712 0.0044 -0.1121 -1.5946 -0.6116 1.0709
1.2932 1.3713 0.0038 -0.115 -1.5984 -0.6118 1.0765
1.2941 1.3715 0.0031 -0.1178 -1.6022 -0.612 1.0822
1.2949 1.3717 0.0025 -0.1207 -1.606 -0.6123 1.0879
1.2958 1.3719 0.0019 -0.1235 -1.6098 -0.6125 1.0936
1.2967 1.372 0.0012 -0.1264 -1.6136 -0.6127 1.0992
1.2975 1.3722 0.0006 -0.1293 -1.6174 -0.6129 1.1049
1.2984 1.3724 -0 -0.1321 -1.6212 -0.6131 1.1106
1.2993 1.3726 -0.0007 -0.135 -1.6249 -0.6133 1.1163
1.3001 1.3728 -0.0013 -0.1379 -1.6287 -0.6135 1.1219
1.301 1.3729 -0.0019 -0.1407 -1.6325 -0.6137 1.1276
1.3018 1.3731 -0.0026 -0.1436 -1.6363 -0.6139 1.1333
1.3027 1.3733 -0.0032 -0.1464 -1.6401 -0.6141 1.139
1.3036 1.3735 -0.0038 -0.1493 -1.6439 -0.6143 1.1446
1.3044 1.3736 -0.0044 -0.1522 -1.6477 -0.6145 1.1503
1.3053 1.3738 -0.0051 -0.155 -1.6514 -0.6147 1.156
1.3062 1.374 -0.0057 -0.1579 -1.6552 -0.6149 1.1616
1.307 1.3742 -0.0063 -0.1607 -1.659 -0.6151 1.1673
1.3079 1.3743 -0.007 -0.1636 -1.6628 -0.6153 1.173
1.3087 1.3745 -0.0076 -0.1665 -1.6666 -0.6155 1.1786
1.3096 1.3747 -0.0082 -0.1693 -1.6704 -0.6157 1.1843
1.3105 1.3749 -0.0089 -0.1722 -1.6741 -0.616 1.19
1.3113 1.3751 -0.0095 -0.175 -1.6779 -0.6162 1.1956
1.3122 1.3752 -0.0101 -0.1779 -1.6817 -0.6164 1.2013
1.3131 1.3754 -0.0108 -0.1807 -1.6855 -0.6166 1.2069
1.3139 1.3756 -0.0114 -0.1836 -1.6893 -0.6168 1.2126
1.3148 1.3758 -0.012 -0.1864 -1.693 -0.617 1.2183
1.3156 1.3759 -0.0126 -0.1893 -1.6968 -0.6172 1.2239
1.3165 1.3761 -0.0133 -0.1921 -1.7006 -0.6174 1.2296
1.3174 1.3763 -0.0139 -0.195 -1.7044 -0.6176 1.2352
1.3182 1.3765 -0.0145 -0.1978 -1.7081 -0.6178 1.2409
1.3191 1.3766 -0.0152 -0.2007 -1.7119 -0.618 1.2465
1.3199 1.3768 -0.0158 -0.2035 -1.7157 -0.6182 1.2522
1.3208 1.377 -0.0164 -0.2064 -1.7194 -0.6184 1.2578
1.3216 1.3772 -0.017 -0.2092 -1.7232 -0.6186 1.2634
1.3225 1.3773 -0.0177 -0.2121 -1.727 -0.6188 1.2691
1.3234 1.3775 -0.0183 -0.2149 -1.7307 -0.619 1.2747
1.3242 1.3777 -0.0189 -0.2178 -1.7345 -0.6192 1.2804
1.3251 1.3779 -0.0196 -0.2206 -1.7383 -0.6194 1.286
1.3259 1.3781 -0.0202 -0.2235 -1.742 -0.6196 1.2916
1.3268 1.3782 -0.0208 -0.2263 -1.7458 -0.6198 1.2972
1.3276 1.3784 -0.0214 -0.2291 -1.7495 -0.62 1.3029
1.3285 1.3786 -0.0221 -0.232 -1.7533 -0.6202 1.3085
1.3294 1.3788 -0.0227 -0.2348 -1.757 -0.6205 1.3141
1.3302 1.3789 -0.0233 -0.2376 -1.7608 -0.6207 1.3197
1.3311 1.3791 -0.0239 -0.2405 -1.7645 -0.6209 1.3254
1.3319 1.3793 -0.0246 -0.2433 -1.7683 -0.6211 1.331
1.3328 1.3795 -0.0252 -0.2461 -1.772 -0.6213 1.3366
1.3336 1.3796 -0.0258 -0.249 -1.7758 -0.6215 1.3422
1.3345 1.3798 -0.0264 -0.2518 -1.7795 -0.6217 1.3478
1.3353 1.38 -0.0271 -0.2546 -1.7833 -0.6219 1.3534
1.3362 1.3802 -0.0277 -0.2574 -1.787 -0.6221 1.359
1.337 1.3803 -0.0283 -0.2603 -1.7907 -0.6223 1.3646
1.3379 1.3805 -0.0289 -0.2631 -1.7945 -0.6225 1.3702
1.3387 1.3807 -0.0295 -0.2659 -1.7982 -0.6227 1.3758
1.3396 1.3809 -0.0302 -0.2687 -1.8019 -0.6229 1.3813
1.3404 1.381 -0.0308 -0.2715 -1.8057 -0.6231 1.3869
1.3413 1.3812 -0.0314 -0.2743 -1.8094 -0.6233 1.3925
1.3421 1.3814 -0.032 -0.2772 -1.8131 -0.6235 1.3981
1.343 1.3816 -0.0326 -0.28 -1.8168 -0.6237 1.4037
1.3438 1.3817 -0.0333 -0.2828 -1.8205 -0.6239 1.4092
1.3447 1.3819 -0.0339 -0.2856 -1.8243 -0.6241 1.4148
1.3455 1.3821 -0.0345 -0.2884 -1.828 -0.6243 1.4203
1.3464 1.3822 -0.0351 -0.2912 -1.8317 -0.6245 1.4259
1.3472 1.3824 -0.0357 -0.294 -1.8354 -0.6247 1.4315
1.348 1.3826 -0.0364 -0.2968 -1.8391 -0.6249 1.437
1.3489 1.3828 -0.037 -0.2996 -1.8428 -0.6251 1.4425
1.3497 1.3829 -0.0376 -0.3024 -1.8465 -0.6253 1.4481
1.3506 1.3831 -0.0382 -0.3052 -1.8502 -0.6255 1.4536
1.3514 1.3833 -0.0388 -0.308 -1.8539 -0.6257 1.4592
1.3523 1.3835 -0.0394 -0.3108 -1.8576 -0.6259 1.4647
1.3531 1.3836 -0.0401 -0.3135 -1.8613 -0.6261 1.4702
1.3539 1.3838 -0.0407 -0.3163 -1.865 -0.6263 1.4757
1.3548 1.384 -0.0413 -0.3191 -1.8686 -0.6265 1.4812
1.3556 1.3841 -0.0419 -0.3219 -1.8723 -0.6267 1.4868
1.3564 1.3843 -0.0425 -0.3247 -1.876 -0.6269 1.4923
1.3573 1.3845 -0.0431 -0.3274 -1.8797 -0.6271 1.4978
1.3581 1.3847 -0.0437 -0.3302 -1.8833 -0.6273 1.5033
1.359 1.3848 -0.0443 -0.333 -1.887 -0.6275 1.5088
1.3598 1.385 -0.045 -0.3358 -1.8907 -0.6277 1.5142
1.3606 1.3852 -0.0456 -0.3385 -1.8943 -0.6279 1.5197
1.3615 1.3853 -0.0462 -0.3413 -1.898 -0.6281 1.5252
1.3623 1.3855 -0.0468 -0.344 -1.9016 -0.6283 1.5307
1.3631 1.3857 -0.0474 -0.3468 -1.9053 -0.6285 1.5361
1.364 1.3859 -0.048 -0.3496 -1.9089 -0.6287 1.5416
1.3648 1.386 -0.0486 -0.3523 -1.9126 -0.6289 1.5471
1.3656 1.3862 -0.0492 -0.3551 -1.9162 -0.6291 1.5525
1.3664 1.3864 -0.0498 -0.3578 -1.9199 -0.6293 1.558
1.3673 1.3865 -0.0504 -0.3606 -1.9235 -0.6295 1.5634
1.3681 1.3867 -0.051 -0.3633 -1.9271 -0.6297 1.5688
1.3689 1.3869 -0.0516 -0.366 -1.9307 -0.6299 1.5743
1.3697 1.387 -0.0522 -0.3688 -1.9344 -0.6301 1.5797
1.3706 1.3872 -0.0528 -0.3715 -1.938 -0.6303 1.5851
1.3714 1.3874 -0.0534 -0.3742 -1.9416 -0.6305 1.5905
1.3722 1.3876 -0.0541 -0.377 -1.9452 -0.6307 1.5959
1.373 1.3877 -0.0547 -0.3797 -1.9488 -0.6309 1.6013
1.3739 1.3879 -0.0553 -0.3824 -1.9524 -0.6311 1.6067
1.3747 1.3881 -0.0559 -0.3851 -1.956 -0.6313 1.6121
1.3755 1.3882 -0.0565 -0.3878 -1.9596 -0.6315 1.6175
1.3763 1.3884 -0.0571 -0.3906 -1.9632 -0.6316 1.6229
1.3771 1.3886 -0.0577 -0.3933 -1.9668 -0.6318 1.6283
1.378 1.3887 -0.0582 -0.396 -1.9704 -0.632 1.6336
1.3788 1.3889 -0.0588 -0.3987 -1.974 -0.6322 1.639
1.3796 1.3891 -0.0594 -0.4014 -1.9775 -0.6324 1.6444
1.3804 1.3892 -0.06 -0.4041 -1.9811 -0.6326 1.6497
1.3812 1.3894 -0.0606 -0.4068 -1.9847 -0.6328 1.655
1.382 1.3896 -0.0612 -0.4095 -1.9882 -0.633 1.6604
1.3828 1.3897 -0.0618 -0.4122 -1.9918 -0.6332 1.6657
1.3836 1.3899 -0.0624 -0.4148 -1.9954 -0.6334 1.671
1.3845 1.3901 -0.063 -0.4175 -1.9989 -0.6336 1.6763
1.3853 1.3902 -0.0636 -0.4202 -2.0024 -0.6338 1.6817
1.3861 1.3904 -0.0642 -0.4229 -2.006 -0.634 1.687
1.3869 1.3906 -0.0648 -0.4256 -2.0095 -0.6342 1.6923
1.3877 1.3907 -0.0654 -0.4282 -2.0131 -0.6344 1.6975
1.3885 1.3909 -0.0659 -0.4309 -2.0166 -0.6345 1.7028
1.3893 1.3911 -0.0665 -0.4335 -2.0201 -0.6347 1.7081
1.3901 1.3912 -0.0671 -0.4362 -2.0236 -0.6349 1.7134
1.3909 1.3914 -0.0677 -0.4389 -2.0271 -0.6351 1.7186
1.3917 1.3916 -0.0683 -0.4415 -2.0307 -0.6353 1.7239
1.3925 1.3917 -0.0689 -0.4442 -2.0342 -0.6355 1.7291
1.3933 1.3919 -0.0695 -0.4468 -2.0377 -0.6357 1.7344
1.3941 1.392 -0.07 -0.4494 -2.0411 -0.6359 1.7396
1.3949 1.3922 -0.0706 -0.4521 -2.0446 -0.6361 1.7448
1.3957 1.3924 -0.0712 -0.4547 -2.0481 -0.6363 1.7501
1.3965 1.3925 -0.0718 -0.4573 -2.0516 -0.6364 1.7553
1.3972 1.3927 -0.0724 -0.46 -2.0551 -0.6366 1.7605
1.398 1.3929 -0.0729 -0.4626 -2.0585 -0.6368 1.7657
1.3988 1.393 -0.0735 -0.4652 -2.062 -0.637 1.7709
1.3996 1.3932 -0.0741 -0.4678 -2.0655 -0.6372 1.776
1.4004 1.3933 -0.0747 -0.4704 -2.0689 -0.6374 1.7812
1.4012 1.3935 -0.0752 -0.473 -2.0724 -0.6376 1.7864
1.402 1.3937 -0.0758 -0.4756 -2.0758 -0.6378 1.7915
1.4028 1.3938 -0.0764 -0.4782 -2.0793 -0.6379 1.7967
1.4035 1.394 -0.077 -0.4808 -2.0827 -0.6381 1.8018
1.4043 1.3941 -0.0775 -0.4834 -2.0861 -0.6383 1.807
1.4051 1.3943 -0.0781 -0.486 -2.0895 -0.6385 1.8121
1.4059 1.3945 -0.0787 -0.4886 -2.093 -0.6387 1.8172
1.4067 1.3946 -0.0793 -0.4912 -2.0964 -0.6389 1.8223
1.4074 1.3948 -0.0798 -0.4937 -2.0998 -0.6391 1.8274
1.4082 1.3949 -0.0804 -0.4963 -2.1032 -0.6392 1.8325
1.409 1.3951 -0.081 -0.4989 -2.1066 -0.6394 1.8376
1.4098 1.3953 -0.0815 -0.5014 -2.11 -0.6396 1.8427
1.4105 1.3954 -0.0821 -0.504 -2.1134 -0.6398 1.8478
1.4113 1.3956 -0.0826 -0.5066 -2.1167 -0.64 1.8528
1.4121 1.3957 -0.0832 -0.5091 -2.1201 -0.6402 1.8579
1.4128 1.3959 -0.0838 -0.5116 -2.1235 -0.6404 1.8629
1.4136 1.396 -0.0843 -0.5142 -2.1268 -0.6405 1.868
1.4144 1.3962 -0.0849 -0.5167 -2.1302 -0.6407 1.873
1.4151 1.3964 -0.0854 -0.5193 -2.1335 -0.6409 1.878
1.4159 1.3965 -0.086 -0.5218 -2.1369 -0.6411 1.883
1.4166 1.3967 -0.0866 -0.5243 -2.1402 -0.6413 1.888
1.4174 1.3968 -0.0871 -0.5268 -2.1436 -0.6414 1.893
1.4182 1.397 -0.0877 -0.5293 -2.1469 -0.6416 1.898
1.4189 1.3971 -0.0882 -0.5318 -2.1502 -0.6418 1.903
1.4197 1.3973 -0.0888 -0.5344 -2.1535 -0.642 1.9079
1.4204 1.3975 -0.0893 -0.5369 -2.1568 -0.6422 1.9129
1.4212 1.3976 -0.0899 -0.5393 -2.1601 -0.6423 1.9178
1.4219 1.3978 -0.0904 -0.5418 -2.1634 -0.6425 1.9228
1.4227 1.3979 -0.091 -0.5443 -2.1667 -0.6427 1.9277
1.4234 1.3981 -0.0915 -0.5468 -2.17 -0.6429 1.9326
1.4242 1.3982 -0.0921 -0.5493 -2.1733 -0.6431 1.9375
1.4249 1.3984 -0.0926 -0.5518 -2.1766 -0.6432 1.9424
1.4257 1.3985 -0.0932 -0.5542 -2.1798 -0.6434 1.9473
1.4264 1.3987 -0.0937 -0.5567 -2.1831 -0.6436 1.9522
1.4272 1.3988 -0.0942 -0.5591 -2.1864 -0.6438 1.9571
1.4279 1.399 -0.0948 -0.5616 -2.1896 -0.6439 1.9619
1.4286 1.3991 -0.0953 -0.564 -2.1928 -0.6441 1.9668
1.4294 1.3993 -0.0959 -0.5665 -2.1961 -0.6443 1.9716
1.4301 1.3994 -0.0964 -0.5689 -2.1993 -0.6445 1.9765
1.4308 1.3996 -0.0969 -0.5714 -2.2025 -0.6446 1.9813
1.4316 1.3997 -0.0975 -0.5738 -2.2057 -0.6448 1.9861
1.4323 1.3999 -0.098 -0.5762 -2.2089 -0.645 1.9909
1.433 1.4 -0.0985 -0.5786 -2.2121 -0.6452 1.9957
1.4338 1.4002 -0.0991 -0.5811 -2.2153 -0.6453 2.0005
1.4345 1.4003 -0.0996 -0.5835 -2.2185 -0.6455 2.0053
1.4352 1.4005 -0.1001 -0.5859 -2.2217 -0.6457 2.0101
1.4359 1.4006 -0.1007 -0.5883 -2.2249 -0.6459 2.0148
1.4367 1.4008 -0.1012 -0.5907 -2.2281 -0.646 2.0196
1.4374 1.4009 -0.1017 -0.593 -2.2312 -0.6462 2.0243
1.4381 1.4011 -0.1023 -0.5954 -2.2344 -0.6464 2.029
1.4388 1.4012 -0.1028 -0.5978 -2.2375 -0.6465 2.0337
1.4395 1.4014 -0.1033 -0.6002 -2.2407 -0.6467 2.0384
1.4402 1.4015 -0.1038 -0.6026 -2.2438 -0.6469 2.0431
1.441 1.4017 -0.1043 -0.6049 -2.2469 -0.6471 2.0478
1.4417 1.4018 -0.1049 -0.6073 -2.25 -0.6472 2.0525
1.4424 1.402 -0.1054 -0.6096 -2.2532 -0.6474 2.0571
1.4431 1.4021 -0.1059 -0.612 -2.2563 -0.6476 2.0618
1.4438 1.4022 -0.1064 -0.6143 -2.2594 -0.6477 2.0664
1.4445 1.4024 -0.1069 -0.6166 -2.2625 -0.6479 2.0711
1.4452 1.4025 -0.1075 -0.619 -2.2655 -0.6481 2.0757
1.4459 1.4027 -0.108 -0.6213 -2.2686 -0.6482 2.0803
1.4466 1.4028 -0.1085 -0.6236 -2.2717 -0.6484 2.0849
1.4473 1.403 -0.109 -0.6259 -2.2748 -0.6486 2.0895
1.448 1.4031 -0.1095 -0.6282 -2.2778 -0.6487 2.0941
1.4487 1.4033 -0.11 -0.6306 -2.2809 -0.6489 2.0986
1.4494 1.4034 -0.1105 -0.6329 -2.2839 -0.6491 2.1032
1.4501 1.4035 -0.111 -0.6351 -2.2869 -0.6492 2.1077
1.4508 1.4037 -0.1115 -0.6374 -2.29 -0.6494 2.1123
1.4514 1.4038 -0.112 -0.6397 -2.293 -0.6496 2.1168
1.4521 1.404 -0.1125 -0.642 -2.296 -0.6497 2.1213
1.4528 1.4041 -0.113 -0.6443 -2.299 -0.6499 2.1258
1.4535 1.4042 -0.1135 -0.6465 -2.302 -0.65 2.1303
1.4542 1.4044 -0.114 -0.6488 -2.305 -0.6502 2.1348
1.4549 1.4045 -0.1145 -0.651 -2.308 -0.6504 2.1392
1.4555 1.4047 -0.115 -0.6533 -2.311 -0.6505 2.1437
1.4562 1.4048 -0.1155 -0.6555 -2.3139 -0.6507 2.1481
1.4569 1.4049 -0.116 -0.6578 -2.3169 -0.6509 2.1526
1.4576 1.4051 -0.1165 -0.66 -2.3198 -0.651 2.157
1.4582 1.4052 -0.117 -0.6622 -2.3228 -0.6512 2.1614
1.4589 1.4054 -0.1175 -0.6644 -2.3257 -0.6513 2.1658
1.4596 1.4055 -0.118 -0.6667 -2.3286 -0.6515 2.1702
1.4602 1.4056 -0.1185 -0.6689 -2.3316 -0.6517 2.1746
1.4609 1.4058 -0.1189 -0.6711 -2.3345 -0.6518 2.1789
1.4616 1.4059 -0.1194 -0.6733 -2.3374 -0.652 2.1833
1.4622 1.406 -0.1199 -0.6754 -2.3403 -0.6521 2.1876
1.4629 1.4062 -0.1204 -0.6776 -2.3432 -0.6523 2.192
1.4635 1.4063 -0.1209 -0.6798 -2.3461 -0.6524 2.1963
1.4642 1.4064 -0.1214 -0.682 -2.3489 -0.6526 2.2006
1.4648 1.4066 -0.1218 -0.6841 -2.3518 -0.6527 2.2049
1.4655 1.4067 -0.1223 -0.6863 -2.3547 -0.6529 2.2092
1.4661 1.4068 -0.1228 -0.6885 -2.3575 -0.6531 2.2134
1.4668 1.407 -0.1233 -0.6906 -2.3603 -0.6532 2.2177
1.4674 1.4071 -0.1237 -0.6927 -2.3632 -0.6534 2.2219
1.4681 1.4072 -0.1242 -0.6949 -2.366 -0.6535 2.2262
1.4687 1.4074 -0.1247 -0.697 -2.3688 -0.6537 2.2304
1.4694 1.4075 -0.1251 -0.6991 -2.3716 -0.6538 2.2346
1.47 1.4076 -0.1256 -0.7013 -2.3744 -0.654 2.2388
1.4706 1.4078 -0.1261 -0.7034 -2.3772 -0.6541 2.243
1.4713 1.4079 -0.1265 -0.7055 -2.38 -0.6543 2.2472
1.4719 1.408 -0.127 -0.7076 -2.3828 -0.6544 2.2513
1.4725 1.4081 -0.1275 -0.7097 -2.3856 -0.6546 2.2555
1.4732 1.4083 -0.1279 -0.7117 -2.3883 -0.6547 2.2596
1.4738 1.4084 -0.1284 -0.7138 -2.3911 -0.6549 2.2637
1.4744 1.4085 -0.1288 -0.7159 -2.3938 -0.655 2.2678
1.475 1.4087 -0.1293 -0.718 -2.3966 -0.6552 2.2719
1.4757 1.4088 -0.1297 -0.72 -2.3993 -0.6553 2.276
1.4763 1.4089 -0.1302 -0.7221 -2.402 -0.6555 2.2801
1.4769 1.409 -0.1307 -0.7241 -2.4047 -0.6556 2.2842
1.4775 1.4092 -0.1311 -0.7262 -2.4074 -0.6558 2.2882
1.4781 1.4093 -0.1316 -0.7282 -2.4101 -0.6559 2.2922
1.4787 1.4094 -0.132 -0.7302 -2.4128 -0.6561 2.2963
1.4794 1.4095 -0.1324 -0.7323 -2.4155 -0.6562 2.3003
1.48 1.4097 -0.1329 -0.7343 -2.4182 -0.6564 2.3043
1.4806 1.4098 -0.1333 -0.7363 -2.4208 -0.6565 2.3083
1.4812 1.4099 -0.1338 -0.7383 -2.4235 -0.6566 2.3122
1.4818 1.41 -0.1342 -0.7403 -2.4261 -0.6568 2.3162
1.4824 1.4102 -0.1347 -0.7423 -2.4288 -0.6569 2.3201
1.483 1.4103 -0.1351 -0.7443 -2.4314 -0.6571 2.3241
1.4836 1.4104 -0.1355 -0.7462 -2.434 -0.6572 2.328
1.4842 1.4105 -0.136 -0.7482 -2.4366 -0.6574 2.3319
1.4848 1.4107 -0.1364 -0.7502 -2.4392 -0.6575 2.3358
1.4853 1.4108 -0.1368 -0.7521 -2.4418 -0.6576 2.3397
1.4859 1.4109 -0.1373 -0.7541 -2.4444 -0.6578 2.3435
1.4865 1.411 -0.1377 -0.756 -2.447 -0.6579 2.3474
1.4871 1.4111 -0.1381 -0.758 -2.4495 -0.6581 2.3512
1.4877 1.4113 -0.1385 -0.7599 -2.4521 -0.6582 2.3551
1.4883 1.4114 -0.139 -0.7618 -2.4546 -0.6583 2.3589
1.4888 1.4115 -0.1394 -0.7638 -2.4572 -0.6585 2.3627
1.4894 1.4116 -0.1398 -0.7657 -2.4597 -0.6586 2.3665
1.49 1.4117 -0.1402 -0.7676 -2.4622 -0.6587 2.3703
1.4906 1.4119 -0.1407 -0.7695 -2.4647 -0.6589 2.374
1.4911 1.412 -0.1411 -0.7714 -2.4672 -0.659 2.3778
1.4917 1.4121 -0.1415 -0.7732 -2.4697 -0.6592 2.3815
1.4923 1.4122 -0.1419 -0.7751 -2.4722 -0.6593 2.3852
1.4928 1.4123 -0.1423 -0.777 -2.4747 -0.6594 2.3889
1.4934 1.4124 -0.1427 -0.7789 -2.4772 -0.6596 2.3926
1.494 1.4125 -0.1431 -0.7807 -2.4796 -0.6597 2.3963
1.4945 1.4127 -0.1435 -0.7826 -2.4821 -0.6598 2.4
1.4951 1.4128 -0.144 -0.7844 -2.4845 -0.66 2.4037
1.4956 1.4129 -0.1444 -0.7863 -2.487 -0.6601 2.4073
1.4962 1.413 -0.1448 -0.7881 -2.4894 -0.6602 2.4109
1.4967 1.4131 -0.1452 -0.7899 -2.4918 -0.6604 2.4145
1.4973 1.4132 -0.1456 -0.7917 -2.4942 -0.6605 2.4181
1.4978 1.4133 -0.146 -0.7935 -2.4966 -0.6606 2.4217
1.4984 1.4135 -0.1464 -0.7953 -2.499 -0.6607 2.4253
1.4989 1.4136 -0.1468 -0.7971 -2.5014 -0.6609 2.4289
1.4995 1.4137 -0.1472 -0.7989 -2.5037 -0.661 2.4324
1.5 1.4138 -0.1475 -0.8007 -2.5061 -0.6611 2.436
1.5005 1.4139 -0.1479 -0.8025 -2.5084 -0.6613 2.4395
1.5011 1.414 -0.1483 -0.8043 -2.5108 -0.6614 2.443
1.5016 1.4141 -0.1487 -0.806 -2.5131 -0.6615 2.4465
1.5021 1.4142 -0.1491 -0.8078 -2.5154 -0.6616 2.45
1.5026 1.4143 -0.1495 -0.8095 -2.5177 -0.6618 2.4534
1.5032 1.4144 -0.1499 -0.8113 -2.5201 -0.6619 2.4569
1.5037 1.4145 -0.1503 -0.813 -2.5223 -0.662 2.4603
1.5042 1.4147 -0.1506 -0.8147 -2.5246 -0.6621 2.4637
1.5047 1.4148 -0.151 -0.8164 -2.5269 -0.6623 2.4671
1.5053 1.4149 -0.1514 -0.8182 -2.5292 -0.6624 2.4705
1.5058 1.415 -0.1518 -0.8199 -2.5314 -0.6625 2.4739
1.5063 1.4151 -0.1521 -0.8216 -2.5337 -0.6626 2.4773
1.5068 1.4152 -0.1525 -0.8233 -2.5359 -0.6627 2.4806
1.5073 1.4153 -0.1529 -0.8249 -2.5382 -0.6629 2.484
1.5078 1.4154 -0.1533 -0.8266 -2.5404 -0.663 2.4873
1.5083 1.4155 -0.1536 -0.8283 -2.5426 -0.6631 2.4906
1.5088 1.4156 -0.154 -0.83 -2.5448 -0.6632 2.4939
1.5093 1.4157 -0.1544 -0.8316 -2.547 -0.6633 2.4972
1.5098 1.4158 -0.1547 -0.8333 -2.5492 -0.6635 2.5005
1.5103 1.4159 -0.1551 -0.8349 -2.5513 -0.6636 2.5037
1.5108 1.416 -0.1555 -0.8365 -2.5535 -0.6637 2.507
1.5113 1.4161 -0.1558 -0.8382 -2.5557 -0.6638 2.5102
1.5118 1.4162 -0.1562 -0.8398 -2.5578 -0.6639 2.5134
1.5123 1.4163 -0.1565 -0.8414 -2.5599 -0.6641 2.5166
1.5127 1.4164 -0.1569 -0.843 -2.5621 -0.6642 2.5198
1.5132 1.4165 -0.1572 -0.8446 -2.5642 -0.6643 2.523
1.5137 1.4166 -0.1576 -0.8462 -2.5663 -0.6644 2.5261
1.5142 1.4167 -0.1579 -0.8478 -2.5684 -0.6645 2.5293
1.5147 1.4168 -0.1583 -0.8494 -2.5705 -0.6646 2.5324
1.5151 1.4169 -0.1586 -0.8509 -2.5726 -0.6647 2.5355
1.5156 1.417 -0.159 -0.8525 -2.5746 -0.6648 2.5386
1.5161 1.4171 -0.1593 -0.8541 -2.5767 -0.665 2.5417
1.5165 1.4172 -0.1597 -0.8556 -2.5787 -0.6651 2.5448
1.517 1.4173 -0.16 -0.8571 -2.5808 -0.6652 2.5478
1.5175 1.4174 -0.1603 -0.8587 -2.5828 -0.6653 2.5509
1.5179 1.4175 -0.1607 -0.8602 -2.5848 -0.6654 2.5539
1.5184 1.4176 -0.161 -0.8617 -2.5868 -0.6655 2.5569
1.5188 1.4177 -0.1613 -0.8632 -2.5888 -0.6656 2.5599
1.5193 1.4178 -0.1617 -0.8647 -2.5908 -0.6657 2.5629
1.5198 1.4178 -0.162 -0.8662 -2.5928 -0.6658 2.5659
1.5202 1.4179 -0.1623 -0.8677 -2.5948 -0.6659 2.5688
1.5207 1.418 -0.1627 -0.8692 -2.5968 -0.6661 2.5718
1.5211 1.4181 -0.163 -0.8707 -2.5987 -0.6662 2.5747
1.5215 1.4182 -0.1633 -0.8722 -2.6007 -0.6663 2.5776
1.522 1.4183 -0.1636 -0.8736 -2.6026 -0.6664 2.5805
1.5224 1.4184 -0.164 -0.8751 -2.6045 -0.6665 2.5834
1.5229 1.4185 -0.1643 -0.8765 -2.6064 -0.6666 2.5863
1.5233 1.4186 -0.1646 -0.878 -2.6083 -0.6667 2.5891
1.5237 1.4187 -0.1649 -0.8794 -2.6102 -0.6668 2.592
1.5242 1.4187 -0.1652 -0.8808 -2.6121 -0.6669 2.5948
1.5246 1.4188 -0.1655 -0.8822 -2.614 -0.667 2.5976
1.525 1.4189 -0.1659 -0.8837 -2.6159 -0.6671 2.6004
1.5254 1.419 -0.1662 -0.8851 -2.6177 -0.6672 2.6032
1.5258 1.4191 -0.1665 -0.8865 -2.6196 -0.6673 2.6059
1.5263 1.4192 -0.1668 -0.8878 -2.6214 -0.6674 2.6087
1.5267 1.4193 -0.1671 -0.8892 -2.6232 -0.6675 2.6114
1.5271 1.4194 -0.1674 -0.8906 -2.6251 -0.6676 2.6142
1.5275 1.4194 -0.1677 -0.892 -2.6269 -0.6677 2.6169
1.5279 1.4195 -0.168 -0.8933 -2.6287 -0.6678 2.6196
1.5283 1.4196 -0.1683 -0.8947 -2.6305 -0.6679 2.6222
1.5287 1.4197 -0.1686 -0.896 -2.6322 -0.668 2.6249
1.5291 1.4198 -0.1689 -0.8974 -2.634 -0.6681 2.6276
1.5295 1.4199 -0.1692 -0.8987 -2.6358 -0.6682 2.6302
1.5299 1.4199 -0.1695 -0.9 -2.6375 -0.6683 2.6328
1.5303 1.42 -0.1698 -0.9013 -2.6393 -0.6684 2.6354
1.5307 1.4201 -0.17 -0.9026 -2.641 -0.6685 2.638
1.5311 1.4202 -0.1703 -0.9039 -2.6427 -0.6685 2.6406
1.5315 1.4203 -0.1706 -0.9052 -2.6444 -0.6686 2.6432
1.5319 1.4203 -0.1709 -0.9065 -2.6461 -0.6687 2.6457
1.5323 1.4204 -0.1712 -0.9078 -2.6478 -0.6688 2.6483
1.5327 1.4205 -0.1715 -0.9091 -2.6495 -0.6689 2.6508
1.533 1.4206 -0.1717 -0.9103 -2.6512 -0.669 2.6533
1.5334 1.4207 -0.172 -0.9116 -2.6529 -0.6691 2.6558
1.5338 1.4207 -0.1723 -0.9128 -2.6545 -0.6692 2.6583
1.5342 1.4208 -0.1726 -0.9141 -2.6562 -0.6693 2.6607
1.5346 1.4209 -0.1728 -0.9153 -2.6578 -0.6694 2.6632
1.5349 1.421 -0.1731 -0.9166 -2.6594 -0.6695 2.6656
1.5353 1.421 -0.1734 -0.9178 -2.661 -0.6695 2.668
1.5357 1.4211 -0.1736 -0.919 -2.6626 -0.6696 2.6704
1.536 1.4212 -0.1739 -0.9202 -2.6642 -0.6697 2.6728
1.5364 1.4213 -0.1742 -0.9214 -2.6658 -0.6698 2.6752
1.5367 1.4213 -0.1744 -0.9226 -2.6674 -0.6699 2.6775
1.5371 1.4214 -0.1747 -0.9238 -2.669 -0.67 2.6799
1.5375 1.4215 -0.175 -0.9249 -2.6705 -0.6701 2.6822
1.5378 1.4215 -0.1752 -0.9261 -2.6721 -0.6701 2.6845
1.5382 1.4216 -0.1755 -0.9273 -2.6736 -0.6702 2.6868
1.5385 1.4217 -0.1757 -0.9284 -2.6751 -0.6703 2.6891
1.5388 1.4218 -0.176 -0.9296 -2.6766 -0.6704 2.6914
1.5392 1.4218 -0.1762 -0.9307 -2.6782 -0.6705 2.6937
1.5395 1.4219 -0.1765 -0.9318 -2.6797 -0.6706 2.6959
1.5399 1.422 -0.1767 -0.933 -2.6811 -0.6706 2.6981
1.5402 1.422 -0.177 -0.9341 -2.6826 -0.6707 2.7004
1.5405 1.4221 -0.1772 -0.9352 -2.6841 -0.6708 2.7026
1.5409 1.4222 -0.1775 -0.9363 -2.6856 -0.6709 2.7047
1.5412 1.4222 -0.1777 -0.9374 -2.687 -0.671 2.7069
1.5415 1.4223 -0.1779 -0.9385 -2.6884 -0.671 2.7091
1.5419 1.4224 -0.1782 -0.9396 -2.6899 -0.6711 2.7112
1.5422 1.4224 -0.1784 -0.9406 -2.6913 -0.6712 2.7133
1.5425 1.4225 -0.1787 -0.9417 -2.6927 -0.6713 2.7155
1.5428 1.4226 -0.1789 -0.9428 -2.6941 -0.6713 2.7176
1.5431 1.4226 -0.1791 -0.9438 -2.6955 -0.6714 2.7196
1.5435 1.4227 -0.1794 -0.9449 -2.6969 -0.6715 2.7217
1.5438 1.4228 -0.1796 -0.9459 -2.6983 -0.6716 2.7238
1.5441 1.4228 -0.1798 -0.9469 -2.6996 -0.6716 2.7258
1.5444 1.4229 -0.18 -0.948 -2.701 -0.6717 2.7278
1.5447 1.423 -0.1803 -0.949 -2.7023 -0.6718 2.7299
1.545 1.423 -0.1805 -0.95 -2.7037 -0.6719 2.7319
1.5453 1.4231 -0.1807 -0.951 -2.705 -0.6719 2.7338
1.5456 1.4232 -0.1809 -0.952 -2.7063 -0.672 2.7358
1.5459 1.4232 -0.1811 -0.953 -2.7076 -0.6721 2.7378
1.5462 1.4233 -0.1814 -0.9539 -2.7089 -0.6721 2.7397
1.5465 1.4233 -0.1816 -0.9549 -2.7102 -0.6722 2.7416
1.5468 1.4234 -0.1818 -0.9559 -2.7115 -0.6723 2.7436
1.5471 1.4235 -0.182 -0.9568 -2.7127 -0.6723 2.7455
1.5474 1.4235 -0.1822 -0.9578 -2.714 -0.6724 2.7473
1.5476 1.4236 -0.1824 -0.9587 -2.7152 -0.6725 2.7492
1.5479 1.4236 -0.1826 -0.9597 -2.7165 -0.6726 2.7511
1.5482 1.4237 -0.1828 -0.9606 -2.7177 -0.6726 2.7529
1.5485 1.4237 -0.183 -0.9615 -2.7189 -0.6727 2.7547
1.5488 1.4238 -0.1832 -0.9624 -2.7201 -0.6728 2.7566
1.549 1.4239 -0.1834 -0.9633 -2.7214 -0.6728 2.7584
1.5493 1.4239 -0.1836 -0.9643 -2.7225 -0.6729 2.7601
1.5496 1.424 -0.1838 -0.9651 -2.7237 -0.6729 2.7619
1.5498 1.424 -0.184 -0.966 -2.7249 -0.673 2.7637
1.5501 1.4241 -0.1842 -0.9669 -2.7261 -0.6731 2.7654
1.5504 1.4241 -0.1844 -0.9678 -2.7272 -0.6731 2.7672
1.5506 1.4242 -0.1846 -0.9687 -2.7284 -0.6732 2.7689
1.5509 1.4242 -0.1848 -0.9695 -2.7295 -0.6733 2.7706
1.5511 1.4243 -0.185 -0.9704 -2.7306 -0.6733 2.7723
1.5514 1.4243 -0.1852 -0.9712 -2.7318 -0.6734 2.7739
1.5517 1.4244 -0.1854 -0.972 -2.7329 -0.6734 2.7756
1.5519 1.4244 -0.1855 -0.9729 -2.734 -0.6735 2.7772
1.5522 1.4245 -0.1857 -0.9737 -2.7351 -0.6736 2.7789
1.5524 1.4245 -0.1859 -0.9745 -2.7361 -0.6736 2.7805
1.5526 1.4246 -0.1861 -0.9753 -2.7372 -0.6737 2.7821
1.5529 1.4246 -0.1863 -0.9761 -2.7383 -0.6737 2.7837
1.5531 1.4247 -0.1864 -0.9769 -2.7393 -0.6738 2.7853
1.5534 1.4247 -0.1866 -0.9777 -2.7404 -0.6738 2.7868
1.5536 1.4248 -0.1868 -0.9785 -2.7414 -0.6739 2.7884
1.5538 1.4248 -0.1869 -0.9793 -2.7424 -0.674 2.7899
1.5541 1.4249 -0.1871 -0.98 -2.7434 -0.674 2.7914
1.5543 1.4249 -0.1873 -0.9808 -2.7445 -0.6741 2.793
1.5545 1.425 -0.1875 -0.9816 -2.7455 -0.6741 2.7945
1.5547 1.425 -0.1876 -0.9823 -2.7464 -0.6742 2.7959
1.555 1.4251 -0.1878 -0.983 -2.7474 -0.6742 2.7974
1.5552 1.4251 -0.1879 -0.9838 -2.7484 -0.6743 2.7989
1.5554 1.4252 -0.1881 -0.9845 -2.7494 -0.6743 2.8003
1.5556 1.4252 -0.1883 -0.9852 -2.7503 -0.6744 2.8017
1.5558 1.4253 -0.1884 -0.9859 -2.7513 -0.6744 2.8031
1.5561 1.4253 -0.1886 -0.9867 -2.7522 -0.6745 2.8046
1.5563 1.4253 -0.1887 -0.9874 -2.7531 -0.6745 2.8059
1.5565 1.4254 -0.1889 -0.988 -2.754 -0.6746 2.8073
1.5567 1.4254 -0.189 -0.9887 -2.7549 -0.6746 2.8087
1.5569 1.4255 -0.1892 -0.9894 -2.7559 -0.6747 2.81
1.5571 1.4255 -0.1893 -0.9901 -2.7567 -0.6747 2.8114
1.5573 1.4256 -0.1895 -0.9908 -2.7576 -0.6748 2.8127
1.5575 1.4256 -0.1896 -0.9914 -2.7585 -0.6748 2.814
1.5577 1.4256 -0.1898 -0.9921 -2.7594 -0.6749 2.8153
1.5579 1.4257 -0.1899 -0.9927 -2.7602 -0.6749 2.8166
1.5581 1.4257 -0.1901 -0.9934 -2.7611 -0.675 2.8178
1.5583 1.4258 -0.1902 -0.994 -2.7619 -0.675 2.8191
1.5585 1.4258 -0.1903 -0.9946 -2.7627 -0.6751 2.8204
1.5586 1.4258 -0.1905 -0.9952 -2.7636 -0.6751 2.8216
1.5588 1.4259 -0.1906 -0.9959 -2.7644 -0.6752 2.8228
1.559 1.4259 -0.1907 -0.9965 -2.7652 -0.6752 2.824
1.5592 1.4259 -0.1909 -0.9971 -2.766 -0.6752 2.8252
1.5594 1.426 -0.191 -0.9977 -2.7668 -0.6753 2.8264
1.5596 1.426 -0.1911 -0.9983 -2.7675 -0.6753 2.8275
1.5597 1.4261 -0.1913 -0.9988 -2.7683 -0.6754 2.8287
1.5599 1.4261 -0.1914 -0.9994 -2.7691 -0.6754 2.8298
1.5601 1.4261 -0.1915 -1 -2.7698 -0.6755 2.831
1.5602 1.4262 -0.1916 -1.0005 -2.7706 -0.6755 2.8321
1.5604 1.4262 -0.1918 -1.0011 -2.7713 -0.6755 2.8332
1.5606 1.4262 -0.1919 -1.0017 -2.7721 -0.6756 2.8343
1.5607 1.4263 -0.192 -1.0022 -2.7728 -0.6756 2.8354
1.5609 1.4263 -0.1921 -1.0027 -2.7735 -0.6756 2.8364
1.5611 1.4263 -0.1922 -1.0033 -2.7742 -0.6757 2.8375
1.5612 1.4264 -0.1924 -1.0038 -2.7749 -0.6757 2.8385
1.5614 1.4264 -0.1925 -1.0043 -2.7756 -0.6758 2.8396
1.5615 1.4264 -0.1926 -1.0048 -2.7763 -0.6758 2.8406
1.5617 1.4265 -0.1927 -1.0053 -2.7769 -0.6758 2.8416
1.5618 1.4265 -0.1928 -1.0058 -2.7776 -0.6759 2.8426
1.562 1.4265 -0.1929 -1.0063 -2.7782 -0.6759 2.8436
1.5621 1.4265 -0.193 -1.0068 -2.7789 -0.6759 2.8445
1.5623 1.4266 -0.1931 -1.0073 -2.7795 -0.676 2.8455
1.5624 1.4266 -0.1932 -1.0078 -2.7802 -0.676 2.8464
1.5626 1.4266 -0.1933 -1.0083 -2.7808 -0.676 2.8474
1.5627 1.4267 -0.1934 -1.0087 -2.7814 -0.6761 2.8483
1.5629 1.4267 -0.1935 -1.0092 -2.782 -0.6761 2.8492
1.563 1.4267 -0.1936 -1.0096 -2.7826 -0.6761 2.8501
1.5631 1.4267 -0.1937 -1.0101 -2.7832 -0.6762 2.851
1.5633 1.4268 -0.1938 -1.0105 -2.7838 -0.6762 2.8519
1.5634 1.4268 -0.1939 -1.011 -2.7844 -0.6762 2.8527
1.5635 1.4268 -0.194 -1.0114 -2.7849 -0.6763 2.8536
1.5636 1.4269 -0.1941 -1.0118 -2.7855 -0.6763 2.8544
1.5638 1.4269 -0.1942 -1.0122 -2.7861 -0.6763 2.8553
1.5639 1.4269 -0.1943 -1.0126 -2.7866 -0.6764 2.8561
1.564 1.4269 -0.1944 -1.0131 -2.7871 -0.6764 2.8569
1.5641 1.427 -0.1945 -1.0135 -2.7877 -0.6764 2.8577
1.5643 1.427 -0.1946 -1.0139 -2.7882 -0.6764 2.8585
1.5644 1.427 -0.1947 -1.0142 -2.7887 -0.6765 2.8592
1.5645 1.427 -0.1947 -1.0146 -2.7892 -0.6765 2.86
1.5646 1.4271 -0.1948 -1.015 -2.7897 -0.6765 2.8608
1.5647 1.4271 -0.1949 -1.0154 -2.7902 -0.6766 2.8615
1.5648 1.4271 -0.195 -1.0157 -2.7907 -0.6766 2.8622
1.5649 1.4271 -0.1951 -1.0161 -2.7912 -0.6766 2.863
1.5651 1.4271 -0.1952 -1.0165 -2.7917 -0.6766 2.8637
1.5652 1.4272 -0.1952 -1.0168 -2.7921 -0.6767 2.8644
1.5653 1.4272 -0.1953 -1.0172 -2.7926 -0.6767 2.865
1.5654 1.4272 -0.1954 -1.0175 -2.793 -0.6767 2.8657
1.5655 1.4272 -0.1955 -1.0178 -2.7935 -0.6767 2.8664
1.5656 1.4272 -0.1955 -1.0182 -2.7939 -0.6768 2.867
1.5657 1.4273 -0.1956 -1.0185 -2.7943 -0.6768 2.8677
1.5658 1.4273 -0.1957 -1.0188 -2.7948 -0.6768 2.8683
1.5659 1.4273 -0.1957 -1.0191 -2.7952 -0.6768 2.8689
1.5659 1.4273 -0.1958 -1.0194 -2.7956 -0.6768 2.8696
1.566 1.4273 -0.1959 -1.0198 -2.796 -0.6769 2.8702
1.5661 1.4274 -0.1959 -1.0201 -2.7964 -0.6769 2.8708
1.5662 1.4274 -0.196 -1.0203 -2.7968 -0.6769 2.8713
1.5663 1.4274 -0.1961 -1.0206 -2.7972 -0.6769 2.8719
1.5664 1.4274 -0.1961 -1.0209 -2.7975 -0.677 2.8725
1.5665 1.4274 -0.1962 -1.0212 -2.7979 -0.677 2.873
1.5666 1.4275 -0.1963 -1.0215 -2.7983 -0.677 2.8736
1.5666 1.4275 -0.1963 -1.0217 -2.7986 -0.677 2.8741
1.5667 1.4275 -0.1964 -1.022 -2.799 -0.677 2.8746
1.5668 1.4275 -0.1964 -1.0223 -2.7993 -0.6771 2.8752
1.5669 1.4275 -0.1965 -1.0225 -2.7997 -0.6771 2.8757
1.567 1.4275 -0.1965 -1.0228 -2.8 -0.6771 2.8762
1.567 1.4275 -0.1966 -1.023 -2.8003 -0.6771 2.8766
1.5671 1.4276 -0.1967 -1.0233 -2.8006 -0.6771 2.8771
1.5672 1.4276 -0.1967 -1.0235 -2.801 -0.6771 2.8776
1.5672 1.4276 -0.1968 -1.0237 -2.8013 -0.6772 2.8781
1.5673 1.4276 -0.1968 -1.024 -2.8016 -0.6772 2.8785
1.5674 1.4276 -0.1969 -1.0242 -2.8019 -0.6772 2.8789
1.5674 1.4276 -0.1969 -1.0244 -2.8022 -0.6772 2.8794
1.5675 1.4276 -0.197 -1.0246 -2.8024 -0.6772 2.8798
1.5676 1.4277 -0.197 -1.0248 -2.8027 -0.6772 2.8802
1.5676 1.4277 -0.197 -1.025 -2.803 -0.6773 2.8806
1.5677 1.4277 -0.1971 -1.0252 -2.8032 -0.6773 2.881
1.5677 1.4277 -0.1971 -1.0254 -2.8035 -0.6773 2.8814
1.5678 1.4277 -0.1972 -1.0256 -2.8038 -0.6773 2.8818
1.5679 1.4277 -0.1972 -1.0258 -2.804 -0.6773 2.8822
1.5679 1.4277 -0.1973 -1.026 -2.8043 -0.6773 2.8825
1.568 1.4277 -0.1973 -1.0262 -2.8045 -0.6773 2.8829
1.568 1.4278 -0.1973 -1.0263 -2.8047 -0.6773 2.8832
1.5681 1.4278 -0.1974 -1.0265 -2.805 -0.6774 2.8836
1.5681 1.4278 -0.1974 -1.0267 -2.8052 -0.6774 2.8839
1.5682 1.4278 -0.1974 -1.0268 -2.8054 -0.6774 2.8842
1.5682 1.4278 -0.1975 -1.027 -2.8056 -0.6774 2.8845
1.5683 1.4278 -0.1975 -1.0272 -2.8058 -0.6774 2.8848
1.5683 1.4278 -0.1975 -1.0273 -2.806 -0.6774 2.8851
1.5684 1.4278 -0.1976 -1.0275 -2.8062 -0.6774 2.8854
1.5684 1.4278 -0.1976 -1.0276 -2.8064 -0.6774 2.8857
1.5684 1.4278 -0.1976 -1.0277 -2.8066 -0.6774 2.886
1.5685 1.4278 -0.1977 -1.0279 -2.8068 -0.6775 2.8863
1.5685 1.4279 -0.1977 -1.028 -2.8069 -0.6775 2.8865
1.5686 1.4279 -0.1977 -1.0281 -2.8071 -0.6775 2.8868
1.5686 1.4279 -0.1978 -1.0283 -2.8073 -0.6775 2.887
1.5686 1.4279 -0.1978 -1.0284 -2.8074 -0.6775 2.8873
1.5687 1.4279 -0.1978 -1.0285 -2.8076 -0.6775 2.8875
1.5687 1.4279 -0.1978 -1.0286 -2.8077 -0.6775 2.8877
1.5687 1.4279 -0.1979 -1.0287 -2.8079 -0.6775 2.888
1.5688 1.4279 -0.1979 -1.0288 -2.808 -0.6775 2.8882
1.5688 1.4279 -0.1979 -1.0289 -2.8082 -0.6775 2.8884
1.5688 1.4279 -0.1979 -1.029 -2.8083 -0.6775 2.8886
1.5689 1.4279 -0.198 -1.0291 -2.8084 -0.6775 2.8888
1.5689 1.4279 -0.198 -1.0292 -2.8086 -0.6776 2.889
1.5689 1.4279 -0.198 -1.0293 -2.8087 -0.6776 2.8892
1.569 1.4279 -0.198 -1.0294 -2.8088 -0.6776 2.8893
1.569 1.4279 -0.198 -1.0295 -2.8089 -0.6776 2.8895
1.569 1.428 -0.198 -1.0296 -2.809 -0.6776 2.8897
1.569 1.428 -0.1981 -1.0297 -2.8091 -0.6776 2.8898
1.5691 1.428 -0.1981 -1.0297 -2.8092 -0.6776 2.89
1.5691 1.428 -0.1981 -1.0298 -2.8093 -0.6776 2.8901
1.5691 1.428 -0.1981 -1.0299 -2.8094 -0.6776 2.8903
1.5691 1.428 -0.1981 -1.03 -2.8095 -0.6776 2.8904
1.5691 1.428 -0.1981 -1.03 -2.8096 -0.6776 2.8905
1.5692 1.428 -0.1982 -1.0301 -2.8097 -0.6776 2.8907
1.5692 1.428 -0.1982 -1.0302 -2.8098 -0.6776 2.8908
1.5692 1.428 -0.1982 -1.0302 -2.8098 -0.6776 2.8909
1.5692 1.428 -0.1982 -1.0303 -2.8099 -0.6776 2.891
1.5692 1.428 -0.1982 -1.0303 -2.81 -0.6776 2.8911
1.5692 1.428 -0.1982 -1.0304 -2.8101 -0.6776 2.8912
1.5693 1.428 -0.1982 -1.0304 -2.8101 -0.6776 2.8913
1.5693 1.428 -0.1982 -1.0305 -2.8102 -0.6776 2.8914
1.5693 1.428 -0.1983 -1.0305 -2.8102 -0.6776 2.8915
1.5693 1.428 -0.1983 -1.0306 -2.8103 -0.6776 2.8916
1.5693 1.428 -0.1983 -1.0306 -2.8104 -0.6777 2.8917
1.5693 1.428 -0.1983 -1.0306 -2.8104 -0.6777 2.8917
1.5693 1.428 -0.1983 -1.0307 -2.8105 -0.6777 2.8918
1.5693 1.428 -0.1983 -1.0307 -2.8105 -0.6777 2.8919
1.5694 1.428 -0.1983 -1.0307 -2.8105 -0.6777 2.8919
1.5694 1.428 -0.1983 -1.0308 -2.8106 -0.6777 2.892
1.5694 1.428 -0.1983 -1.0308 -2.8106 -0.6777 2.892
1.5694 1.428 -0.1983 -1.0308 -2.8106 -0.6777 2.8921
1.5694 1.428 -0.1983 -1.0308 -2.8107 -0.6777 2.8921
1.5694 1.428 -0.1983 -1.0309 -2.8107 -0.6777 2.8922
1.5694 1.428 -0.1983 -1.0309 -2.8107 -0.6777 2.8922
1.5694 1.428 -0.1983 -1.0309 -2.8108 -0.6777 2.8923
1.5694 1.428 -0.1983 -1.0309 -2.8108 -0.6777 2.8923
1.5694 1.428 -0.1983 -1.0309 -2.8108 -0.6777 2.8923
1.5694 1.428 -0.1984 -1.031 -2.8108 -0.6777 2.8924
1.5694 1.428 -0.1984 -1.031 -2.8109 -0.6777 2.8924
1.5694 1.428 -0.1984 -1.031 -2.8109 -0.6777 2.8924
1.5694 1.428 -0.1984 -1.031 -2.8109 -0.6777 2.8925
1.5694 1.428 -0.1984 -1.031 -2.8109 -0.6777 2.8925
1.5694 1.428 -0.1984 -1.031 -2.8109 -0.6777 2.8925
1.5694 1.428 -0.1984 -1.031 -2.8109 -0.6777 2.8925
1.5694 1.428 -0.1984 -1.031 -2.8109 -0.6777 2.8925
1.5694 1.428 -0.1984 -1.031 -2.8109 -0.6777 2.8925
1.5694 1.428 -0.1984 -1.031 -2.8109 -0.6777 2.8925
1.5694 1.428 -0.1984 -1.031 -2.811 -0.6777 2.8926
1.5694 1.428 -0.1984 -1.0311 -2.811 -0.6777 2.8926
1.5694 1.428 -0.1984 -1.0311 -2.811 -0.6777 2.8926
1.5694 1.428 -0.1984 -1.0311 -2.811 -0.6777 2.8926
1.5694 1.428 -0.1984 -1.0311 -2.811 -0.6777 2.8926
1.5694 1.428 -0.1984 -1.0311 -2.811 -0.6777 2.8926
1.5695 1.428 -0.1984 -1.0311 -2.811 -0.6777 2.8926
1.5695 1.428 -0.1984 -1.0311 -2.811 -0.6777 2.8926
1.5695 1.428 -0.1984 -1.0311 -2.811 -0.6777 2.8926
1.5695 1.428 -0.1984 -1.0311 -2.811 -0.6777 2.8926
1.5695 1.428 -0.1984 -1.0311 -2.811 -0.6777 2.8926
1.5695 1.428 -0.1984 -1.0311 -2.811 -0.6777 2.8926
1.5695 1.428 -0.1984 -1.0311 -2.811 -0.6777 2.8926
